rare_allele_shared_with	common_allele_shared_with	unique
NA	NA	NA
165	165	0
169	169	0
75	75	0
178	178	0
183	183	0
184	184	0
37	147	0
182	182	0
48	136	0
40	144	0
139	139	0
179	179	0
11	173	0
180	180	0
174	174	0
184	184	0
184	184	0
173	173	0
182	182	0
15	169	0
183	183	0
6	178	0
48	136	0
3	181	0
180	180	0
177	177	0
181	181	0
180	180	0
145	145	0
165	165	0
182	182	0
171	171	0
25	159	0
9	175	0
71	113	0
24	160	0
141	141	0
181	181	0
68	116	0
39	145	0
175	175	0
87	97	0
177	177	0
183	183	0
180	180	0
180	180	0
181	181	0
0	184	1
182	182	0
183	183	0
45	139	0
26	158	0
169	169	0
67	117	0
166	166	0
183	183	0
137	137	0
54	130	0
164	164	0
184	184	0
182	182	0
27	157	0
183	183	0
178	178	0
151	151	0
20	164	0
177	177	0
170	170	0
169	169	0
184	184	0
182	182	0
2	182	0
181	181	0
9	175	0
183	183	0
40	144	0
182	182	0
184	184	0
155	155	0
179	179	0
181	181	0
177	177	0
12	172	0
184	184	0
180	180	0
10	174	0
184	184	0
184	184	0
181	181	0
171	171	0
184	184	0
57	127	0
184	184	0
37	147	0
146	146	0
184	184	0
183	183	0
46	138	0
182	182	0
182	182	0
173	173	0
177	177	0
179	179	0
88	88	0
173	173	0
183	183	0
172	172	0
184	184	0
183	183	0
27	157	0
184	184	0
64	120	0
23	161	0
175	175	0
13	171	0
176	176	0
29	155	0
148	148	0
144	144	0
147	147	0
47	137	0
134	134	0
12	172	0
57	127	0
48	136	0
184	184	0
181	181	0
177	177	0
2	182	0
150	150	0
146	146	0
184	184	0
172	172	0
179	179	0
184	184	0
183	183	0
179	179	0
184	184	0
67	117	0
175	175	0
174	174	0
179	179	0
123	123	0
82	102	0
176	176	0
16	168	0
19	165	0
182	182	0
62	122	0
181	181	0
37	147	0
170	170	0
0	184	1
178	178	0
69	115	0
55	129	0
184	184	0
182	182	0
20	164	0
170	170	0
182	182	0
81	103	0
181	181	0
184	184	0
29	155	0
98	98	0
9	175	0
61	123	0
167	167	0
12	172	0
83	101	0
184	184	0
177	177	0
184	184	0
42	142	0
38	146	0
177	177	0
185	185	0
32	152	0
184	184	0
184	184	0
176	176	0
163	163	0
182	182	0
171	171	0
183	183	0
142	142	0
83	83	0
157	157	0
179	179	0
183	183	0
109	109	0
77	107	0
182	182	0
183	183	0
183	183	0
172	172	0
181	181	0
12	172	0
90	94	0
59	125	0
129	129	0
38	146	0
184	184	0
168	168	0
184	184	0
184	184	0
173	173	0
45	139	0
161	161	0
118	118	0
40	144	0
178	178	0
182	182	0
184	184	0
184	184	0
184	184	0
39	145	0
184	184	0
5	179	0
184	184	0
172	172	0
61	123	0
182	182	0
181	181	0
156	156	0
78	106	0
176	176	0
184	184	0
184	184	0
181	181	0
180	180	0
184	184	0
184	184	0
184	184	0
184	184	0
184	184	0
170	170	0
184	184	0
184	184	0
176	176	0
183	183	0
178	178	0
23	23	0
184	184	0
178	178	0
176	176	0
184	184	0
179	179	0
181	181	0
165	165	0
24	160	0
180	180	0
183	183	0
184	184	0
45	139	0
171	171	0
184	184	0
184	184	0
172	172	0
184	184	0
178	178	0
160	160	0
65	65	0
134	134	0
33	151	0
184	184	0
177	177	0
173	173	0
178	178	0
131	131	0
183	183	0
165	165	0
172	172	0
172	172	0
184	184	0
184	184	0
182	182	0
171	171	0
183	183	0
184	184	0
184	184	0
176	176	0
173	173	0
184	184	0
175	175	0
184	184	0
184	184	0
178	178	0
173	173	0
164	164	0
164	164	0
127	127	0
184	184	0
2	182	0
171	171	0
184	184	0
184	184	0
178	178	0
169	169	0
183	183	0
174	174	0
171	171	0
184	184	0
169	169	0
117	117	0
158	158	0
176	176	0
177	177	0
10	174	0
175	175	0
178	178	0
168	168	0
184	184	0
181	181	0
184	184	0
14	170	0
184	184	0
184	184	0
184	184	0
184	184	0
184	184	0
164	164	0
136	136	0
174	174	0
184	184	0
183	183	0
180	180	0
159	159	0
174	174	0
183	183	0
183	183	0
167	167	0
179	179	0
181	181	0
152	152	0
184	184	0
166	166	0
180	180	0
182	182	0
112	112	0
161	161	0
180	180	0
179	179	0
151	151	0
160	160	0
180	180	0
177	177	0
184	184	0
131	131	0
177	177	0
182	182	0
181	181	0
179	179	0
182	182	0
180	180	0
163	163	0
181	181	0
164	164	0
182	182	0
184	184	0
183	183	0
152	152	0
178	178	0
25	159	0
183	183	0
179	179	0
7	177	0
184	184	0
170	170	0
184	184	0
184	184	0
183	183	0
28	156	0
184	184	0
177	177	0
182	182	0
164	164	0
182	182	0
170	170	0
135	135	0
183	183	0
16	168	0
183	183	0
167	167	0
184	184	0
8	176	0
184	184	0
89	89	0
177	177	0
184	184	0
63	121	0
183	183	0
184	184	0
184	184	0
182	182	0
147	147	0
181	181	0
59	59	0
51	133	0
183	183	0
184	184	0
178	178	0
183	183	0
176	176	0
104	104	0
182	182	0
20	164	0
180	180	0
180	180	0
172	172	0
184	184	0
172	172	0
45	45	0
177	177	0
184	184	0
183	183	0
126	126	0
181	181	0
182	182	0
74	74	0
177	177	0
181	181	0
174	174	0
178	178	0
184	184	0
164	164	0
177	177	0
184	184	0
111	111	0
182	182	0
173	173	0
184	184	0
184	184	0
184	184	0
20	20	0
184	184	0
172	172	0
66	118	0
29	155	0
148	148	0
22	162	0
6	178	0
152	152	0
183	183	0
137	137	0
183	183	0
171	171	0
183	183	0
184	184	0
180	180	0
184	184	0
172	172	0
13	171	0
184	184	0
81	103	0
182	182	0
163	163	0
160	160	0
184	184	0
57	57	0
182	182	0
36	148	0
184	184	0
172	172	0
182	182	0
25	159	0
181	181	0
183	183	0
178	178	0
7	177	0
162	162	0
184	184	0
3	181	0
183	183	0
184	184	0
182	182	0
182	182	0
184	184	0
96	96	0
183	183	0
178	178	0
121	121	0
172	172	0
183	183	0
184	184	0
184	184	0
152	152	0
183	183	0
175	175	0
87	87	0
65	119	0
184	184	0
184	184	0
42	142	0
178	178	0
174	174	0
36	148	0
181	181	0
164	164	0
161	161	0
164	164	0
162	162	0
145	145	0
176	176	0
166	166	0
21	163	0
184	184	0
184	184	0
183	183	0
184	184	0
160	160	0
179	179	0
2	182	0
34	150	0
180	180	0
173	173	0
184	184	0
20	164	0
16	168	0
72	72	0
160	160	0
178	178	0
183	183	0
183	183	0
71	71	0
132	132	0
174	174	0
171	171	0
177	177	0
170	170	0
25	159	0
64	120	0
184	184	0
184	184	0
175	175	0
170	170	0
8	176	0
178	178	0
184	184	0
184	184	0
174	174	0
166	166	0
132	132	0
162	162	0
89	95	0
17	167	0
184	184	0
183	183	0
184	184	0
175	175	0
82	82	0
184	184	0
179	179	0
179	179	0
168	168	0
178	178	0
180	180	0
181	181	0
80	80	0
184	184	0
179	179	0
4	180	0
184	184	0
178	178	0
179	179	0
182	182	0
177	177	0
148	148	0
184	184	0
144	144	0
168	168	0
136	136	0
183	183	0
184	184	0
120	120	0
184	184	0
184	184	0
183	183	0
180	180	0
184	184	0
132	132	0
184	184	0
168	168	0
179	179	0
184	184	0
180	180	0
140	140	0
168	168	0
180	180	0
174	174	0
181	181	0
182	182	0
184	184	0
176	176	0
180	180	0
184	184	0
153	153	0
180	180	0
174	174	0
184	184	0
181	181	0
177	177	0
152	152	0
183	183	0
183	183	0
173	173	0
177	177	0
184	184	0
172	172	0
150	150	0
184	184	0
126	126	0
183	183	0
172	172	0
183	183	0
167	167	0
183	183	0
77	77	0
184	184	0
165	165	0
182	182	0
168	168	0
182	182	0
184	184	0
184	184	0
184	184	0
183	183	0
184	184	0
167	167	0
183	183	0
176	176	0
181	181	0
122	122	0
183	183	0
177	177	0
182	182	0
184	184	0
184	184	0
174	174	0
140	140	0
77	77	0
172	172	0
183	183	0
180	180	0
183	183	0
173	173	0
184	184	0
175	175	0
184	184	0
184	184	0
135	135	0
184	184	0
64	120	0
171	171	0
135	135	0
184	184	0
153	153	0
162	162	0
178	178	0
180	180	0
176	176	0
178	178	0
162	162	0
179	179	0
178	178	0
184	184	0
183	183	0
143	143	0
158	158	0
180	180	0
165	165	0
184	184	0
169	169	0
184	184	0
182	182	0
167	167	0
184	184	0
129	129	0
141	141	0
184	184	0
166	166	0
166	166	0
182	182	0
163	163	0
181	181	0
45	45	0
183	183	0
175	175	0
183	183	0
148	148	0
183	183	0
84	84	0
184	184	0
184	184	0
183	183	0
172	172	0
184	184	0
181	181	0
184	184	0
181	181	0
184	184	0
174	174	0
14	170	0
184	184	0
182	182	0
170	170	0
42	142	0
181	181	0
183	183	0
183	183	0
176	176	0
147	147	0
58	126	0
181	181	0
183	183	0
180	180	0
160	160	0
177	177	0
178	178	0
179	179	0
183	183	0
159	159	0
151	151	0
144	144	0
181	181	0
183	183	0
155	155	0
183	183	0
184	184	0
178	178	0
180	180	0
181	181	0
184	184	0
177	177	0
182	182	0
80	104	0
169	169	0
104	104	0
179	179	0
180	180	0
184	184	0
184	184	0
184	184	0
184	184	0
181	181	0
184	184	0
183	183	0
176	176	0
157	157	0
154	154	0
178	178	0
179	179	0
157	157	0
184	184	0
175	175	0
183	183	0
179	179	0
184	184	0
64	120	0
184	184	0
183	183	0
183	183	0
94	94	0
184	184	0
170	170	0
114	114	0
183	183	0
159	159	0
121	121	0
177	177	0
185	185	0
150	150	0
184	184	0
177	177	0
184	184	0
183	183	0
176	176	0
183	183	0
158	158	0
181	181	0
184	184	0
184	184	0
12	172	0
184	184	0
182	182	0
145	145	0
173	173	0
182	182	0
177	177	0
171	171	0
177	177	0
184	184	0
158	158	0
184	184	0
16	168	0
182	182	0
181	181	0
12	172	0
183	183	0
178	178	0
183	183	0
183	183	0
183	183	0
184	184	0
184	184	0
182	182	0
180	180	0
184	184	0
167	167	0
21	163	0
183	183	0
184	184	0
182	182	0
170	170	0
184	184	0
80	104	0
156	156	0
182	182	0
180	180	0
166	166	0
171	171	0
184	184	0
184	184	0
182	182	0
177	177	0
181	181	0
103	103	0
131	131	0
176	176	0
180	180	0
181	181	0
181	181	0
169	169	0
62	122	0
175	175	0
179	179	0
184	184	0
181	181	0
179	179	0
177	177	0
184	184	0
136	136	0
160	160	0
184	184	0
181	181	0
183	183	0
68	68	0
112	112	0
89	89	0
176	176	0
184	184	0
180	180	0
175	175	0
72	72	0
77	77	0
184	184	0
179	179	0
174	174	0
179	179	0
184	184	0
184	184	0
156	156	0
0	184	1
183	183	0
132	132	0
166	166	0
180	180	0
177	177	0
165	165	0
183	183	0
100	100	0
183	183	0
181	181	0
122	122	0
163	163	0
65	119	0
183	183	0
177	177	0
64	120	0
169	169	0
184	184	0
53	131	0
180	180	0
175	175	0
184	184	0
40	144	0
184	184	0
184	184	0
21	163	0
183	183	0
174	174	0
180	180	0
166	166	0
162	162	0
173	173	0
14	170	0
169	169	0
183	183	0
176	176	0
58	126	0
171	171	0
168	168	0
176	176	0
183	183	0
180	180	0
64	64	0
176	176	0
171	171	0
180	180	0
178	178	0
180	180	0
172	172	0
182	182	0
181	181	0
184	184	0
63	121	0
177	177	0
128	128	0
172	172	0
180	180	0
175	175	0
145	145	0
183	183	0
171	171	0
151	151	0
184	184	0
116	116	0
74	74	0
181	181	0
183	183	0
14	170	0
47	137	0
181	181	0
152	152	0
92	92	0
184	184	0
181	181	0
184	184	0
163	163	0
77	107	0
153	153	0
168	168	0
20	164	0
177	177	0
181	181	0
47	137	0
61	61	0
181	181	0
163	163	0
174	174	0
175	175	0
98	98	0
78	78	0
153	153	0
178	178	0
6	6	0
184	184	0
184	184	0
182	182	0
184	184	0
159	159	0
183	183	0
174	174	0
184	184	0
174	174	0
185	185	0
42	142	0
177	177	0
182	182	0
182	182	0
183	183	0
185	185	0
157	157	0
176	176	0
176	176	0
183	183	0
183	183	0
88	96	0
184	184	0
183	183	0
131	131	0
146	146	0
12	172	0
181	181	0
20	164	0
184	184	0
52	132	0
184	184	0
172	172	0
162	162	0
181	181	0
178	178	0
166	166	0
179	179	0
180	180	0
170	170	0
142	142	0
184	184	0
20	164	0
184	184	0
184	184	0
184	184	0
176	176	0
184	184	0
179	179	0
182	182	0
102	102	0
184	184	0
43	43	0
166	166	0
184	184	0
181	181	0
184	184	0
183	183	0
9	175	0
171	171	0
167	167	0
184	184	0
174	174	0
134	134	0
182	182	0
178	178	0
181	181	0
182	182	0
184	184	0
182	182	0
174	174	0
180	180	0
184	184	0
173	173	0
29	155	0
181	181	0
167	167	0
182	182	0
184	184	0
165	165	0
181	181	0
177	177	0
184	184	0
169	169	0
166	166	0
49	135	0
184	184	0
15	169	0
70	70	0
172	172	0
184	184	0
176	176	0
180	180	0
184	184	0
184	184	0
174	174	0
184	184	0
179	179	0
184	184	0
178	178	0
183	183	0
184	184	0
184	184	0
181	181	0
183	183	0
184	184	0
28	156	0
141	141	0
183	183	0
146	146	0
4	180	0
171	171	0
176	176	0
184	184	0
183	183	0
183	183	0
182	182	0
173	173	0
182	182	0
184	184	0
184	184	0
182	182	0
7	177	0
142	142	0
184	184	0
184	184	0
176	176	0
182	182	0
155	155	0
181	181	0
97	97	0
183	183	0
153	153	0
184	184	0
54	130	0
184	184	0
184	184	0
177	177	0
181	181	0
184	184	0
184	184	0
184	184	0
185	185	0
184	184	0
176	176	0
183	183	0
77	77	0
181	181	0
184	184	0
176	176	0
184	184	0
184	184	0
184	184	0
172	172	0
183	183	0
181	181	0
184	184	0
181	181	0
178	178	0
171	171	0
155	155	0
184	184	0
161	161	0
185	185	0
184	184	0
18	166	0
150	150	0
174	174	0
56	128	0
184	184	0
12	172	0
90	90	0
183	183	0
179	179	0
21	163	0
184	184	0
182	182	0
184	184	0
153	153	0
176	176	0
184	184	0
182	182	0
183	183	0
168	168	0
179	179	0
173	173	0
173	173	0
57	127	0
45	139	0
168	168	0
184	184	0
61	123	0
183	183	0
184	184	0
184	184	0
171	171	0
184	184	0
184	184	0
182	182	0
183	183	0
183	183	0
179	179	0
81	81	0
183	183	0
184	184	0
176	176	0
177	177	0
166	166	0
176	176	0
184	184	0
168	168	0
184	184	0
182	182	0
173	173	0
6	178	0
184	184	0
167	167	0
181	181	0
184	184	0
183	183	0
184	184	0
179	179	0
183	183	0
184	184	0
184	184	0
182	182	0
172	172	0
184	184	0
177	177	0
182	182	0
184	184	0
183	183	0
184	184	0
184	184	0
163	163	0
184	184	0
180	180	0
2	182	0
183	183	0
140	140	0
164	164	0
184	184	0
176	176	0
184	184	0
185	185	0
162	162	0
163	163	0
50	50	0
161	161	0
184	184	0
181	181	0
173	173	0
184	184	0
155	155	0
120	120	0
103	103	0
177	177	0
172	172	0
174	174	0
182	182	0
181	181	0
165	165	0
177	177	0
166	166	0
183	183	0
182	182	0
177	177	0
169	169	0
181	181	0
167	167	0
182	182	0
184	184	0
182	182	0
184	184	0
180	180	0
184	184	0
173	173	0
183	183	0
179	179	0
184	184	0
184	184	0
133	133	0
182	182	0
179	179	0
180	180	0
184	184	0
10	174	0
182	182	0
4	180	0
180	180	0
147	147	0
1	183	0
156	156	0
141	141	0
60	124	0
184	184	0
179	179	0
175	175	0
182	182	0
184	184	0
166	166	0
181	181	0
137	137	0
180	180	0
181	181	0
178	178	0
152	152	0
179	179	0
184	184	0
180	180	0
183	183	0
82	82	0
184	184	0
180	180	0
174	174	0
172	172	0
172	172	0
182	182	0
33	151	0
180	180	0
183	183	0
184	184	0
174	174	0
70	114	0
47	137	0
182	182	0
145	145	0
125	125	0
177	177	0
76	108	0
173	173	0
135	135	0
184	184	0
184	184	0
184	184	0
184	184	0
118	118	0
15	169	0
172	172	0
4	180	0
184	184	0
177	177	0
184	184	0
184	184	0
144	144	0
184	184	0
172	172	0
184	184	0
177	177	0
184	184	0
184	184	0
13	171	0
184	184	0
183	183	0
33	151	0
168	168	0
181	181	0
184	184	0
174	174	0
184	184	0
157	157	0
177	177	0
173	173	0
181	181	0
176	176	0
71	71	0
184	184	0
166	166	0
184	184	0
181	181	0
184	184	0
182	182	0
168	168	0
178	178	0
181	181	0
184	184	0
184	184	0
165	165	0
184	184	0
179	179	0
182	182	0
160	160	0
11	173	0
154	154	0
182	182	0
110	110	0
171	171	0
177	177	0
182	182	0
184	184	0
184	184	0
149	149	0
168	168	0
41	143	0
180	180	0
183	183	0
184	184	0
179	179	0
184	184	0
128	128	0
179	179	0
184	184	0
184	184	0
172	172	0
184	184	0
184	184	0
160	160	0
182	182	0
184	184	0
178	178	0
180	180	0
184	184	0
139	139	0
163	163	0
131	131	0
182	182	0
184	184	0
169	169	0
176	176	0
184	184	0
174	174	0
184	184	0
174	174	0
132	132	0
184	184	0
140	140	0
173	173	0
45	139	0
167	167	0
91	91	0
175	175	0
184	184	0
181	181	0
183	183	0
180	180	0
176	176	0
174	174	0
181	181	0
177	177	0
167	167	0
177	177	0
63	63	0
173	173	0
182	182	0
184	184	0
183	183	0
122	122	0
184	184	0
184	184	0
184	184	0
168	168	0
180	180	0
183	183	0
94	94	0
184	184	0
178	178	0
183	183	0
182	182	0
129	129	0
175	175	0
177	177	0
184	184	0
179	179	0
54	54	0
182	182	0
154	154	0
119	119	0
180	180	0
150	150	0
184	184	0
177	177	0
182	182	0
184	184	0
182	182	0
184	184	0
184	184	0
184	184	0
184	184	0
184	184	0
179	179	0
182	182	0
183	183	0
184	184	0
183	183	0
167	167	0
183	183	0
183	183	0
183	183	0
148	148	0
179	179	0
183	183	0
134	134	0
184	184	0
175	175	0
180	180	0
170	170	0
184	184	0
169	169	0
166	166	0
182	182	0
167	167	0
177	177	0
184	184	0
140	140	0
184	184	0
184	184	0
180	180	0
97	97	0
33	151	0
182	182	0
152	152	0
182	182	0
178	178	0
184	184	0
185	185	0
184	184	0
184	184	0
169	169	0
184	184	0
112	112	0
119	119	0
178	178	0
138	138	0
171	171	0
184	184	0
181	181	0
108	108	0
183	183	0
183	183	0
172	172	0
182	182	0
183	183	0
184	184	0
184	184	0
184	184	0
178	178	0
184	184	0
184	184	0
142	142	0
184	184	0
182	182	0
184	184	0
177	177	0
176	176	0
181	181	0
127	127	0
183	183	0
104	104	0
71	71	0
169	169	0
57	57	0
184	184	0
182	182	0
182	182	0
184	184	0
177	177	0
179	179	0
184	184	0
170	170	0
165	165	0
184	184	0
124	124	0
182	182	0
183	183	0
184	184	0
178	178	0
134	134	0
164	164	0
172	172	0
170	170	0
184	184	0
179	179	0
162	162	0
64	64	0
182	182	0
155	155	0
184	184	0
177	177	0
163	163	0
183	183	0
184	184	0
179	179	0
62	62	0
183	183	0
168	168	0
62	122	0
178	178	0
183	183	0
183	183	0
37	147	0
79	79	0
184	184	0
184	184	0
182	182	0
184	184	0
184	184	0
167	167	0
164	164	0
173	173	0
183	183	0
146	146	0
184	184	0
175	175	0
178	178	0
164	164	0
177	177	0
183	183	0
173	173	0
177	177	0
91	91	0
168	168	0
150	150	0
101	101	0
184	184	0
177	177	0
184	184	0
184	184	0
179	179	0
127	127	0
118	118	0
178	178	0
177	177	0
182	182	0
182	182	0
183	183	0
175	175	0
53	53	0
182	182	0
166	166	0
162	162	0
172	172	0
184	184	0
183	183	0
184	184	0
183	183	0
170	170	0
176	176	0
180	180	0
114	114	0
150	150	0
181	181	0
181	181	0
166	166	0
148	148	0
174	174	0
184	184	0
180	180	0
159	159	0
181	181	0
182	182	0
181	181	0
133	133	0
184	184	0
183	183	0
179	179	0
183	183	0
175	175	0
169	169	0
184	184	0
170	170	0
176	176	0
184	184	0
183	183	0
182	182	0
145	145	0
184	184	0
175	175	0
181	181	0
184	184	0
183	183	0
152	152	0
184	184	0
176	176	0
176	176	0
175	175	0
147	147	0
173	173	0
141	141	0
180	180	0
174	174	0
90	90	0
179	179	0
170	170	0
183	183	0
184	184	0
184	184	0
182	182	0
159	159	0
182	182	0
182	182	0
178	178	0
178	178	0
167	167	0
38	38	0
173	173	0
44	44	0
12	172	0
163	163	0
96	96	0
183	183	0
171	171	0
179	179	0
174	174	0
172	172	0
184	184	0
173	173	0
183	183	0
181	181	0
181	181	0
182	182	0
184	184	0
184	184	0
184	184	0
176	176	0
184	184	0
152	152	0
175	175	0
175	175	0
180	180	0
183	183	0
159	159	0
182	182	0
184	184	0
184	184	0
180	180	0
183	183	0
183	183	0
68	68	0
57	127	0
43	141	0
168	168	0
184	184	0
183	183	0
180	180	0
54	130	0
175	175	0
54	54	0
182	182	0
61	123	0
180	180	0
181	181	0
71	113	0
182	182	0
184	184	0
16	168	0
183	183	0
184	184	0
44	140	0
184	184	0
166	166	0
71	113	0
143	143	0
162	162	0
166	166	0
2	182	0
180	180	0
178	178	0
82	102	0
175	175	0
179	179	0
34	150	0
184	184	0
106	106	0
184	184	0
184	184	0
184	184	0
184	184	0
184	184	0
184	184	0
90	94	0
0	184	1
12	172	0
156	156	0
161	161	0
182	182	0
15	169	0
160	160	0
176	176	0
183	183	0
108	108	0
184	184	0
177	177	0
177	177	0
185	185	0
13	171	0
77	107	0
181	181	0
12	172	0
184	184	0
6	178	0
174	174	0
177	177	0
172	172	0
32	152	0
181	181	0
147	147	0
184	184	0
4	180	0
184	184	0
180	180	0
143	143	0
141	141	0
152	152	0
184	184	0
88	96	0
4	180	0
184	184	0
177	177	0
18	166	0
168	168	0
114	114	0
178	178	0
162	162	0
173	173	0
182	182	0
105	105	0
183	183	0
139	139	0
176	176	0
167	167	0
5	179	0
147	147	0
162	162	0
184	184	0
184	184	0
15	169	0
184	184	0
130	130	0
174	174	0
70	114	0
11	173	0
182	182	0
175	175	0
184	184	0
183	183	0
102	102	0
180	180	0
164	164	0
47	137	0
184	184	0
23	161	0
184	184	0
178	178	0
76	108	0
180	180	0
176	176	0
9	175	0
184	184	0
177	177	0
178	178	0
184	184	0
184	184	0
184	184	0
184	184	0
184	184	0
178	178	0
182	182	0
184	184	0
181	181	0
183	183	0
179	179	0
24	160	0
118	118	0
103	103	0
37	147	0
12	172	0
183	183	0
89	95	0
184	184	0
184	184	0
184	184	0
73	111	0
176	176	0
184	184	0
182	182	0
185	185	0
184	184	0
175	175	0
181	181	0
184	184	0
155	155	0
0	184	1
84	100	0
178	178	0
165	165	0
2	182	0
184	184	0
82	102	0
180	180	0
184	184	0
170	170	0
87	97	0
131	131	0
45	139	0
181	181	0
63	121	0
56	128	0
181	181	0
161	161	0
159	159	0
180	180	0
182	182	0
162	162	0
12	172	0
169	169	0
184	184	0
183	183	0
182	182	0
184	184	0
15	169	0
172	172	0
71	113	0
143	143	0
175	175	0
67	117	0
172	172	0
30	30	0
14	170	0
72	112	0
160	160	0
182	182	0
174	174	0
66	118	0
172	172	0
178	178	0
181	181	0
18	166	0
1	183	0
166	166	0
18	166	0
182	182	0
101	101	0
183	183	0
150	150	0
174	174	0
21	163	0
182	182	0
177	177	0
183	183	0
156	156	0
80	104	0
183	183	0
171	171	0
162	162	0
181	181	0
181	181	0
183	183	0
184	184	0
184	184	0
184	184	0
173	173	0
178	178	0
184	184	0
184	184	0
74	110	0
178	178	0
180	180	0
184	184	0
184	184	0
174	174	0
174	174	0
176	176	0
184	184	0
181	181	0
39	145	0
61	123	0
162	162	0
182	182	0
184	184	0
42	142	0
15	169	0
174	174	0
183	183	0
165	165	0
184	184	0
184	184	0
184	184	0
11	11	0
59	125	0
171	171	0
184	184	0
107	107	0
180	180	0
143	143	0
181	181	0
168	168	0
48	136	0
46	138	0
184	184	0
184	184	0
135	135	0
183	183	0
181	181	0
56	128	0
66	118	0
174	174	0
184	184	0
184	184	0
162	162	0
29	155	0
175	175	0
172	172	0
182	182	0
45	139	0
70	114	0
184	184	0
182	182	0
184	184	0
30	154	0
146	146	0
134	134	0
79	105	0
176	176	0
151	151	0
184	184	0
36	148	0
158	158	0
39	145	0
182	182	0
174	174	0
183	183	0
183	183	0
184	184	0
9	175	0
24	160	0
184	184	0
184	184	0
184	184	0
185	185	0
180	180	0
28	156	0
184	184	0
184	184	0
184	184	0
82	82	0
181	181	0
184	184	0
178	178	0
183	183	0
184	184	0
184	184	0
182	182	0
179	179	0
55	129	0
183	183	0
160	160	0
139	139	0
171	171	0
170	170	0
172	172	0
174	174	0
82	102	0
27	157	0
44	140	0
176	176	0
174	174	0
184	184	0
60	124	0
136	136	0
11	173	0
3	181	0
180	180	0
184	184	0
183	183	0
21	163	0
180	180	0
0	184	1
183	183	0
182	182	0
3	181	0
184	184	0
184	184	0
164	164	0
176	176	0
178	178	0
160	160	0
16	168	0
8	176	0
183	183	0
25	159	0
184	184	0
26	158	0
176	176	0
182	182	0
184	184	0
168	168	0
8	176	0
23	161	0
180	180	0
184	184	0
184	184	0
178	178	0
184	184	0
73	111	0
24	160	0
50	134	0
181	181	0
10	174	0
44	140	0
184	184	0
95	95	0
183	183	0
184	184	0
181	181	0
171	171	0
181	181	0
184	184	0
29	155	0
166	166	0
34	150	0
182	182	0
10	174	0
184	184	0
65	119	0
171	171	0
181	181	0
146	146	0
183	183	0
184	184	0
30	154	0
184	184	0
155	155	0
57	127	0
162	162	0
179	179	0
65	119	0
176	176	0
149	149	0
183	183	0
180	180	0
178	178	0
183	183	0
179	179	0
18	166	0
183	183	0
72	112	0
184	184	0
184	184	0
170	170	0
167	167	0
153	153	0
184	184	0
182	182	0
179	179	0
73	111	0
170	170	0
174	174	0
167	167	0
184	184	0
183	183	0
184	184	0
175	175	0
182	182	0
183	183	0
179	179	0
2	182	0
183	183	0
163	163	0
184	184	0
184	184	0
176	176	0
32	152	0
184	184	0
184	184	0
182	182	0
62	122	0
170	170	0
182	182	0
1	183	0
60	124	0
184	184	0
49	135	0
171	171	0
181	181	0
184	184	0
184	184	0
164	164	0
179	179	0
181	181	0
77	107	0
173	173	0
38	146	0
25	159	0
160	160	0
184	184	0
183	183	0
182	182	0
167	167	0
184	184	0
157	157	0
0	184	1
141	141	0
184	184	0
166	166	0
183	183	0
165	165	0
184	184	0
184	184	0
124	124	0
184	184	0
179	179	0
39	145	0
181	181	0
181	181	0
33	151	0
171	171	0
45	139	0
162	162	0
170	170	0
179	179	0
176	176	0
149	149	0
169	169	0
174	174	0
26	158	0
161	161	0
184	184	0
183	183	0
65	65	0
183	183	0
181	181	0
183	183	0
174	174	0
116	116	0
183	183	0
176	176	0
4	180	0
10	174	0
184	184	0
183	183	0
169	169	0
33	151	0
182	182	0
28	156	0
184	184	0
172	172	0
184	184	0
184	184	0
126	126	0
152	152	0
23	161	0
33	151	0
22	162	0
157	157	0
183	183	0
55	55	0
30	154	0
182	182	0
181	181	0
149	149	0
176	176	0
184	184	0
183	183	0
183	183	0
37	147	0
176	176	0
66	118	0
12	172	0
184	184	0
184	184	0
124	124	0
182	182	0
180	180	0
142	142	0
33	151	0
182	182	0
176	176	0
183	183	0
177	177	0
35	149	0
173	173	0
156	156	0
174	174	0
177	177	0
42	142	0
53	131	0
181	181	0
179	179	0
184	184	0
162	162	0
178	178	0
136	136	0
179	179	0
180	180	0
183	183	0
174	174	0
22	162	0
179	179	0
179	179	0
184	184	0
183	183	0
184	184	0
126	126	0
184	184	0
181	181	0
180	180	0
182	182	0
165	165	0
7	177	0
184	184	0
162	162	0
184	184	0
181	181	0
179	179	0
183	183	0
33	151	0
178	178	0
155	155	0
183	183	0
182	182	0
156	156	0
90	94	0
184	184	0
184	184	0
183	183	0
62	122	0
25	159	0
184	184	0
182	182	0
8	176	0
22	162	0
157	157	0
94	94	0
8	176	0
178	178	0
184	184	0
183	183	0
184	184	0
182	182	0
178	178	0
147	147	0
176	176	0
181	181	0
180	180	0
169	169	0
178	178	0
150	150	0
173	173	0
167	167	0
63	121	0
125	125	0
174	174	0
166	166	0
182	182	0
85	99	0
58	58	0
184	184	0
184	184	0
184	184	0
163	163	0
165	165	0
144	144	0
181	181	0
10	174	0
162	162	0
184	184	0
182	182	0
181	181	0
184	184	0
184	184	0
146	146	0
184	184	0
184	184	0
183	183	0
184	184	0
184	184	0
183	183	0
184	184	0
183	183	0
184	184	0
181	181	0
184	184	0
20	164	0
143	143	0
184	184	0
181	181	0
184	184	0
120	120	0
175	175	0
2	182	0
177	177	0
184	184	0
54	130	0
172	172	0
78	106	0
182	182	0
104	104	0
183	183	0
177	177	0
102	102	0
11	173	0
182	182	0
184	184	0
182	182	0
41	41	0
6	178	0
177	177	0
143	143	0
177	177	0
183	183	0
180	180	0
39	145	0
159	159	0
185	185	0
174	174	0
180	180	0
184	184	0
67	117	0
183	183	0
184	184	0
19	165	0
184	184	0
184	184	0
75	75	0
172	172	0
168	168	0
175	175	0
174	174	0
166	166	0
184	184	0
183	183	0
184	184	0
173	173	0
168	168	0
1	183	0
177	177	0
144	144	0
184	184	0
183	183	0
183	183	0
150	150	0
184	184	0
53	131	0
184	184	0
182	182	0
164	164	0
178	178	0
181	181	0
183	183	0
184	184	0
133	133	0
2	182	0
184	184	0
178	178	0
43	43	0
177	177	0
23	161	0
180	180	0
160	160	0
17	17	0
17	167	0
39	145	0
183	183	0
176	176	0
182	182	0
173	173	0
89	89	0
25	159	0
184	184	0
183	183	0
183	183	0
181	181	0
181	181	0
184	184	0
59	125	0
183	183	0
183	183	0
20	164	0
181	181	0
176	176	0
183	183	0
183	183	0
144	144	0
180	180	0
177	177	0
175	175	0
184	184	0
162	162	0
174	174	0
83	101	0
170	170	0
177	177	0
178	178	0
154	154	0
175	175	0
184	184	0
184	184	0
184	184	0
14	170	0
176	176	0
183	183	0
146	146	0
183	183	0
173	173	0
180	180	0
176	176	0
168	168	0
172	172	0
133	133	0
50	134	0
180	180	0
182	182	0
75	75	0
184	184	0
53	53	0
174	174	0
155	155	0
164	164	0
76	108	0
161	161	0
141	141	0
183	183	0
65	119	0
134	134	0
177	177	0
183	183	0
170	170	0
173	173	0
166	166	0
184	184	0
151	151	0
170	170	0
11	173	0
160	160	0
183	183	0
181	181	0
81	81	0
144	144	0
182	182	0
184	184	0
183	183	0
8	176	0
179	179	0
169	169	0
165	165	0
183	183	0
184	184	0
98	98	0
180	180	0
183	183	0
154	154	0
167	167	0
183	183	0
56	56	0
183	183	0
0	184	1
183	183	0
7	177	0
183	183	0
164	164	0
175	175	0
184	184	0
23	161	0
179	179	0
168	168	0
99	99	0
178	178	0
184	184	0
175	175	0
183	183	0
8	176	0
181	181	0
181	181	0
162	162	0
175	175	0
64	120	0
144	144	0
75	109	0
23	161	0
166	166	0
184	184	0
153	153	0
148	148	0
146	146	0
181	181	0
183	183	0
14	170	0
173	173	0
184	184	0
126	126	0
176	176	0
184	184	0
176	176	0
183	183	0
28	156	0
181	181	0
184	184	0
74	74	0
183	183	0
160	160	0
184	184	0
177	177	0
42	142	0
117	117	0
179	179	0
179	179	0
78	106	0
127	127	0
92	92	0
173	173	0
173	173	0
184	184	0
49	135	0
168	168	0
184	184	0
184	184	0
148	148	0
182	182	0
182	182	0
183	183	0
158	158	0
184	184	0
167	167	0
11	173	0
179	179	0
11	173	0
183	183	0
176	176	0
164	164	0
177	177	0
15	169	0
180	180	0
156	156	0
172	172	0
184	184	0
18	166	0
184	184	0
182	182	0
161	161	0
184	184	0
184	184	0
179	179	0
183	183	0
181	181	0
168	168	0
185	185	0
184	184	0
161	161	0
169	169	0
179	179	0
13	171	0
173	173	0
184	184	0
172	172	0
184	184	0
17	167	0
147	147	0
182	182	0
184	184	0
26	158	0
184	184	0
159	159	0
156	156	0
45	45	0
178	178	0
182	182	0
172	172	0
146	146	0
184	184	0
179	179	0
184	184	0
184	184	0
167	167	0
181	181	0
180	180	0
48	136	0
29	155	0
184	184	0
110	110	0
180	180	0
161	161	0
41	41	0
182	182	0
183	183	0
177	177	0
179	179	0
184	184	0
184	184	0
56	128	0
88	88	0
179	179	0
174	174	0
184	184	0
183	183	0
167	167	0
183	183	0
176	176	0
57	127	0
12	172	0
19	165	0
74	110	0
175	175	0
177	177	0
7	177	0
169	169	0
83	101	0
179	179	0
175	175	0
166	166	0
180	180	0
178	178	0
180	180	0
184	184	0
5	179	0
51	133	0
183	183	0
131	131	0
159	159	0
183	183	0
180	180	0
87	97	0
174	174	0
170	170	0
184	184	0
184	184	0
184	184	0
184	184	0
179	179	0
138	138	0
173	173	0
184	184	0
160	160	0
179	179	0
171	171	0
163	163	0
39	145	0
181	181	0
180	180	0
184	184	0
181	181	0
22	162	0
181	181	0
16	168	0
3	181	0
166	166	0
168	168	0
108	108	0
16	168	0
46	138	0
184	184	0
165	165	0
178	178	0
31	153	0
183	183	0
166	166	0
182	182	0
182	182	0
184	184	0
163	163	0
169	169	0
183	183	0
184	184	0
184	184	0
113	113	0
165	165	0
184	184	0
7	177	0
45	45	0
184	184	0
28	156	0
165	165	0
21	163	0
183	183	0
183	183	0
184	184	0
184	184	0
178	178	0
180	180	0
178	178	0
176	176	0
168	168	0
181	181	0
180	180	0
15	169	0
177	177	0
104	104	0
0	184	1
138	138	0
152	152	0
47	137	0
158	158	0
98	98	0
176	176	0
160	160	0
182	182	0
128	128	0
170	170	0
179	179	0
11	173	0
15	169	0
184	184	0
182	182	0
183	183	0
184	184	0
175	175	0
17	167	0
184	184	0
5	179	0
151	151	0
177	177	0
183	183	0
178	178	0
99	99	0
181	181	0
159	159	0
179	179	0
177	177	0
153	153	0
184	184	0
182	182	0
153	153	0
179	179	0
183	183	0
183	183	0
184	184	0
184	184	0
178	178	0
172	172	0
34	150	0
184	184	0
181	181	0
184	184	0
179	179	0
182	182	0
182	182	0
167	167	0
81	81	0
156	156	0
169	169	0
183	183	0
175	175	0
25	159	0
184	184	0
169	169	0
184	184	0
147	147	0
178	178	0
179	179	0
184	184	0
165	165	0
68	116	0
185	185	0
184	184	0
151	151	0
184	184	0
184	184	0
174	174	0
184	184	0
182	182	0
182	182	0
174	174	0
184	184	0
184	184	0
181	181	0
176	176	0
184	184	0
183	183	0
8	176	0
132	132	0
183	183	0
181	181	0
42	42	0
105	105	0
69	69	0
180	180	0
184	184	0
184	184	0
18	166	0
184	184	0
184	184	0
16	168	0
178	178	0
172	172	0
172	172	0
130	130	0
47	137	0
4	180	0
181	181	0
169	169	0
26	158	0
184	184	0
63	121	0
174	174	0
175	175	0
181	181	0
182	182	0
184	184	0
34	150	0
49	135	0
183	183	0
172	172	0
184	184	0
176	176	0
184	184	0
163	163	0
43	141	0
184	184	0
160	160	0
26	158	0
183	183	0
184	184	0
183	183	0
183	183	0
184	184	0
182	182	0
184	184	0
165	165	0
179	179	0
60	124	0
184	184	0
183	183	0
169	169	0
28	156	0
184	184	0
184	184	0
52	52	0
184	184	0
179	179	0
181	181	0
183	183	0
177	177	0
178	178	0
5	179	0
184	184	0
183	183	0
19	19	0
184	184	0
157	157	0
183	183	0
184	184	0
184	184	0
184	184	0
161	161	0
57	127	0
71	71	0
9	175	0
177	177	0
182	182	0
184	184	0
175	175	0
179	179	0
57	127	0
160	160	0
8	176	0
184	184	0
183	183	0
171	171	0
183	183	0
48	136	0
182	182	0
174	174	0
184	184	0
170	170	0
164	164	0
123	123	0
182	182	0
184	184	0
181	181	0
184	184	0
184	184	0
125	125	0
184	184	0
161	161	0
175	175	0
152	152	0
184	184	0
179	179	0
138	138	0
64	120	0
173	173	0
167	167	0
179	179	0
161	161	0
173	173	0
177	177	0
0	184	1
180	180	0
180	180	0
176	176	0
172	172	0
178	178	0
167	167	0
179	179	0
176	176	0
150	150	0
176	176	0
11	173	0
180	180	0
155	155	0
184	184	0
21	163	0
172	172	0
179	179	0
6	178	0
184	184	0
170	170	0
165	165	0
179	179	0
38	38	0
184	184	0
184	184	0
184	184	0
184	184	0
165	165	0
177	177	0
149	149	0
149	149	0
78	78	0
179	179	0
173	173	0
183	183	0
184	184	0
94	94	0
181	181	0
184	184	0
183	183	0
179	179	0
167	167	0
6	178	0
184	184	0
182	182	0
184	184	0
181	181	0
171	171	0
157	157	0
176	176	0
183	183	0
22	162	0
178	178	0
183	183	0
13	171	0
184	184	0
180	180	0
184	184	0
180	180	0
184	184	0
128	128	0
179	179	0
181	181	0
184	184	0
54	130	0
177	177	0
82	102	0
181	181	0
182	182	0
41	143	0
172	172	0
174	174	0
170	170	0
149	149	0
184	184	0
182	182	0
184	184	0
115	115	0
184	184	0
184	184	0
13	171	0
29	155	0
184	184	0
4	180	0
150	150	0
182	182	0
54	130	0
184	184	0
184	184	0
90	94	0
181	181	0
172	172	0
22	162	0
90	94	0
37	147	0
14	170	0
134	134	0
66	118	0
183	183	0
179	179	0
17	167	0
182	182	0
159	159	0
7	177	0
170	170	0
78	106	0
153	153	0
184	184	0
175	175	0
21	163	0
180	180	0
178	178	0
116	116	0
183	183	0
181	181	0
90	90	0
184	184	0
184	184	0
182	182	0
172	172	0
173	173	0
168	168	0
184	184	0
153	153	0
160	160	0
116	116	0
183	183	0
166	166	0
184	184	0
173	173	0
184	184	0
20	164	0
15	169	0
173	173	0
176	176	0
184	184	0
169	169	0
55	129	0
184	184	0
168	168	0
140	140	0
183	183	0
174	174	0
183	183	0
41	41	0
184	184	0
184	184	0
62	122	0
184	184	0
12	172	0
184	184	0
174	174	0
184	184	0
17	167	0
179	179	0
66	118	0
175	175	0
70	114	0
173	173	0
174	174	0
172	172	0
173	173	0
169	169	0
142	142	0
182	182	0
169	169	0
182	182	0
180	180	0
179	179	0
174	174	0
147	147	0
181	181	0
178	178	0
184	184	0
173	173	0
155	155	0
180	180	0
182	182	0
180	180	0
126	126	0
184	184	0
174	174	0
65	119	0
183	183	0
162	162	0
183	183	0
183	183	0
183	183	0
1	183	0
183	183	0
109	109	0
162	162	0
141	141	0
3	181	0
152	152	0
15	169	0
184	184	0
43	141	0
173	173	0
184	184	0
60	124	0
184	184	0
168	168	0
177	177	0
181	181	0
169	169	0
184	184	0
171	171	0
159	159	0
178	178	0
178	178	0
183	183	0
183	183	0
184	184	0
140	140	0
183	183	0
184	184	0
11	173	0
184	184	0
157	157	0
128	128	0
51	51	0
179	179	0
164	164	0
184	184	0
183	183	0
182	182	0
184	184	0
180	180	0
182	182	0
180	180	0
184	184	0
184	184	0
62	122	0
182	182	0
91	93	0
183	183	0
182	182	0
175	175	0
180	180	0
154	154	0
183	183	0
184	184	0
182	182	0
179	179	0
182	182	0
181	181	0
183	183	0
184	184	0
181	181	0
180	180	0
181	181	0
112	112	0
181	181	0
59	125	0
43	43	0
172	172	0
175	175	0
14	170	0
183	183	0
184	184	0
184	184	0
19	165	0
184	184	0
179	179	0
7	177	0
178	178	0
182	182	0
184	184	0
183	183	0
164	164	0
74	110	0
173	173	0
128	128	0
179	179	0
184	184	0
180	180	0
91	93	0
78	106	0
177	177	0
183	183	0
181	181	0
171	171	0
175	175	0
182	182	0
181	181	0
50	134	0
15	169	0
184	184	0
184	184	0
181	181	0
184	184	0
181	181	0
16	168	0
184	184	0
141	141	0
64	120	0
181	181	0
184	184	0
141	141	0
184	184	0
7	177	0
149	149	0
173	173	0
163	163	0
15	169	0
184	184	0
28	156	0
184	184	0
13	171	0
9	175	0
176	176	0
182	182	0
184	184	0
184	184	0
174	174	0
46	138	0
184	184	0
1	183	0
160	160	0
184	184	0
183	183	0
167	167	0
8	176	0
60	124	0
173	173	0
176	176	0
165	165	0
13	171	0
158	158	0
178	178	0
53	131	0
126	126	0
28	156	0
179	179	0
147	147	0
179	179	0
184	184	0
149	149	0
150	150	0
165	165	0
183	183	0
178	178	0
155	155	0
176	176	0
109	109	0
54	130	0
182	182	0
137	137	0
182	182	0
184	184	0
184	184	0
156	156	0
157	157	0
140	140	0
178	178	0
184	184	0
164	164	0
177	177	0
66	66	0
159	159	0
184	184	0
184	184	0
173	173	0
165	165	0
115	115	0
11	173	0
11	173	0
173	173	0
74	110	0
172	172	0
164	164	0
184	184	0
180	180	0
29	155	0
56	128	0
170	170	0
38	146	0
152	152	0
180	180	0
184	184	0
167	167	0
183	183	0
119	119	0
160	160	0
183	183	0
184	184	0
182	182	0
165	165	0
184	184	0
184	184	0
167	167	0
184	184	0
170	170	0
167	167	0
60	124	0
182	182	0
179	179	0
114	114	0
178	178	0
171	171	0
16	168	0
60	124	0
169	169	0
158	158	0
62	122	0
162	162	0
137	137	0
181	181	0
180	180	0
183	183	0
168	168	0
91	91	0
182	182	0
145	145	0
157	157	0
181	181	0
182	182	0
181	181	0
177	177	0
177	177	0
183	183	0
166	166	0
179	179	0
15	169	0
184	184	0
182	182	0
147	147	0
184	184	0
184	184	0
184	184	0
19	165	0
183	183	0
173	173	0
83	101	0
181	181	0
182	182	0
184	184	0
184	184	0
181	181	0
184	184	0
182	182	0
81	103	0
184	184	0
185	185	0
180	180	0
182	182	0
143	143	0
0	184	1
184	184	0
15	169	0
130	130	0
183	183	0
178	178	0
1	183	0
166	166	0
183	183	0
86	98	0
157	157	0
175	175	0
183	183	0
169	169	0
29	155	0
16	168	0
149	149	0
51	133	0
168	168	0
73	111	0
143	143	0
181	181	0
184	184	0
178	178	0
176	176	0
180	180	0
178	178	0
77	107	0
44	140	0
166	166	0
184	184	0
184	184	0
175	175	0
11	173	0
184	184	0
182	182	0
49	135	0
167	167	0
184	184	0
168	168	0
125	125	0
175	175	0
181	181	0
183	183	0
74	110	0
177	177	0
51	133	0
183	183	0
181	181	0
184	184	0
173	173	0
170	170	0
182	182	0
101	101	0
179	179	0
9	175	0
17	167	0
184	184	0
184	184	0
0	184	1
179	179	0
184	184	0
151	151	0
183	183	0
171	171	0
177	177	0
12	172	0
184	184	0
29	155	0
182	182	0
12	172	0
163	163	0
23	161	0
163	163	0
168	168	0
181	181	0
184	184	0
185	185	0
172	172	0
184	184	0
171	171	0
176	176	0
178	178	0
184	184	0
177	177	0
182	182	0
41	143	0
183	183	0
184	184	0
181	181	0
184	184	0
181	181	0
172	172	0
163	163	0
182	182	0
181	181	0
7	177	0
180	180	0
149	149	0
61	61	0
181	181	0
184	184	0
129	129	0
183	183	0
185	185	0
71	71	0
184	184	0
183	183	0
125	125	0
184	184	0
183	183	0
21	163	0
183	183	0
179	179	0
176	176	0
58	126	0
153	153	0
184	184	0
184	184	0
1	183	0
184	184	0
184	184	0
3	181	0
177	177	0
184	184	0
176	176	0
3	181	0
184	184	0
172	172	0
173	173	0
8	176	0
18	166	0
174	174	0
184	184	0
158	158	0
180	180	0
70	114	0
184	184	0
40	144	0
178	178	0
159	159	0
183	183	0
176	176	0
183	183	0
184	184	0
166	166	0
59	125	0
179	179	0
137	137	0
183	183	0
14	170	0
184	184	0
182	182	0
175	175	0
182	182	0
159	159	0
166	166	0
168	168	0
181	181	0
67	117	0
180	180	0
163	163	0
179	179	0
73	111	0
184	184	0
61	61	0
173	173	0
177	177	0
184	184	0
180	180	0
183	183	0
22	22	0
184	184	0
2	182	0
182	182	0
182	182	0
81	103	0
180	180	0
166	166	0
183	183	0
135	135	0
39	145	0
180	180	0
163	163	0
14	170	0
115	115	0
184	184	0
168	168	0
86	98	0
185	185	0
56	56	0
164	164	0
177	177	0
41	143	0
140	140	0
183	183	0
171	171	0
184	184	0
36	148	0
178	178	0
60	124	0
181	181	0
183	183	0
184	184	0
174	174	0
178	178	0
168	168	0
184	184	0
145	145	0
54	130	0
184	184	0
177	177	0
175	175	0
183	183	0
73	111	0
168	168	0
183	183	0
180	180	0
158	158	0
182	182	0
180	180	0
183	183	0
184	184	0
177	177	0
184	184	0
160	160	0
166	166	0
64	120	0
181	181	0
179	179	0
178	178	0
27	157	0
178	178	0
177	177	0
183	183	0
135	135	0
183	183	0
176	176	0
19	165	0
185	185	0
184	184	0
145	145	0
178	178	0
178	178	0
3	181	0
172	172	0
174	174	0
178	178	0
184	184	0
184	184	0
162	162	0
42	142	0
124	124	0
165	165	0
180	180	0
171	171	0
184	184	0
180	180	0
183	183	0
184	184	0
181	181	0
184	184	0
172	172	0
172	172	0
0	184	1
182	182	0
184	184	0
181	181	0
179	179	0
172	172	0
184	184	0
148	148	0
71	113	0
93	93	0
181	181	0
185	185	0
182	182	0
181	181	0
69	115	0
93	93	0
183	183	0
158	158	0
164	164	0
157	157	0
170	170	0
184	184	0
184	184	0
4	180	0
162	162	0
164	164	0
5	179	0
178	178	0
184	184	0
47	137	0
75	109	0
92	92	0
176	176	0
182	182	0
177	177	0
136	136	0
175	175	0
181	181	0
184	184	0
184	184	0
28	156	0
111	111	0
184	184	0
181	181	0
164	164	0
174	174	0
159	159	0
184	184	0
174	174	0
59	125	0
183	183	0
67	67	0
183	183	0
63	121	0
153	153	0
181	181	0
182	182	0
182	182	0
182	182	0
165	165	0
184	184	0
175	175	0
184	184	0
116	116	0
181	181	0
157	157	0
184	184	0
178	178	0
180	180	0
30	154	0
22	162	0
184	184	0
182	182	0
172	172	0
63	121	0
33	151	0
10	174	0
184	184	0
180	180	0
22	162	0
65	119	0
52	132	0
183	183	0
177	177	0
179	179	0
183	183	0
174	174	0
151	151	0
183	183	0
184	184	0
183	183	0
182	182	0
86	86	0
134	134	0
184	184	0
184	184	0
162	162	0
169	169	0
178	178	0
22	22	0
172	172	0
126	126	0
177	177	0
183	183	0
17	167	0
147	147	0
79	105	0
5	179	0
184	184	0
181	181	0
152	152	0
167	167	0
183	183	0
79	79	0
174	174	0
85	99	0
183	183	0
183	183	0
181	181	0
94	94	0
184	184	0
181	181	0
179	179	0
184	184	0
180	180	0
180	180	0
176	176	0
182	182	0
158	158	0
25	159	0
180	180	0
91	91	0
147	147	0
90	94	0
179	179	0
174	174	0
183	183	0
154	154	0
165	165	0
171	171	0
180	180	0
161	161	0
184	184	0
177	177	0
184	184	0
168	168	0
184	184	0
160	160	0
181	181	0
179	179	0
180	180	0
181	181	0
171	171	0
184	184	0
150	150	0
184	184	0
184	184	0
163	163	0
184	184	0
143	143	0
18	166	0
183	183	0
184	184	0
94	94	0
120	120	0
184	184	0
181	181	0
183	183	0
118	118	0
184	184	0
183	183	0
183	183	0
183	183	0
31	31	0
184	184	0
184	184	0
169	169	0
2	182	0
43	141	0
49	135	0
166	166	0
149	149	0
183	183	0
55	129	0
182	182	0
174	174	0
178	178	0
155	155	0
183	183	0
179	179	0
184	184	0
183	183	0
181	181	0
173	173	0
184	184	0
157	157	0
183	183	0
127	127	0
183	183	0
11	173	0
184	184	0
183	183	0
183	183	0
174	174	0
27	157	0
180	180	0
184	184	0
184	184	0
171	171	0
154	154	0
82	102	0
169	169	0
68	116	0
172	172	0
166	166	0
43	141	0
184	184	0
168	168	0
185	185	0
173	173	0
178	178	0
179	179	0
181	181	0
180	180	0
183	183	0
183	183	0
176	176	0
184	184	0
173	173	0
184	184	0
61	123	0
181	181	0
102	102	0
41	143	0
70	114	0
179	179	0
172	172	0
177	177	0
177	177	0
65	119	0
170	170	0
184	184	0
169	169	0
179	179	0
131	131	0
176	176	0
184	184	0
181	181	0
183	183	0
184	184	0
128	128	0
171	171	0
180	180	0
169	169	0
182	182	0
20	164	0
182	182	0
184	184	0
160	160	0
182	182	0
183	183	0
173	173	0
9	175	0
183	183	0
174	174	0
159	159	0
181	181	0
176	176	0
93	93	0
180	180	0
181	181	0
34	150	0
184	184	0
184	184	0
179	179	0
172	172	0
183	183	0
183	183	0
122	122	0
183	183	0
174	174	0
177	177	0
175	175	0
54	54	0
134	134	0
183	183	0
184	184	0
184	184	0
158	158	0
28	156	0
142	142	0
182	182	0
178	178	0
124	124	0
133	133	0
184	184	0
182	182	0
178	178	0
179	179	0
10	174	0
110	110	0
177	177	0
179	179	0
183	183	0
180	180	0
157	157	0
174	174	0
11	173	0
184	184	0
181	181	0
183	183	0
167	167	0
180	180	0
165	165	0
183	183	0
179	179	0
185	185	0
184	184	0
181	181	0
184	184	0
175	175	0
153	153	0
184	184	0
181	181	0
7	177	0
72	72	0
180	180	0
182	182	0
181	181	0
155	155	0
180	180	0
16	168	0
184	184	0
168	168	0
184	184	0
184	184	0
183	183	0
133	133	0
174	174	0
172	172	0
184	184	0
145	145	0
182	182	0
185	185	0
184	184	0
26	26	0
163	163	0
176	176	0
64	120	0
177	177	0
183	183	0
181	181	0
184	184	0
184	184	0
45	139	0
184	184	0
5	179	0
184	184	0
162	162	0
184	184	0
83	101	0
181	181	0
13	171	0
183	183	0
173	173	0
184	184	0
174	174	0
181	181	0
183	183	0
177	177	0
160	160	0
179	179	0
176	176	0
14	170	0
184	184	0
170	170	0
37	147	0
163	163	0
178	178	0
178	178	0
83	83	0
185	185	0
184	184	0
184	184	0
184	184	0
52	132	0
138	138	0
82	102	0
184	184	0
184	184	0
184	184	0
106	106	0
168	168	0
182	182	0
180	180	0
182	182	0
184	184	0
171	171	0
149	149	0
164	164	0
33	151	0
138	138	0
180	180	0
146	146	0
163	163	0
179	179	0
136	136	0
175	175	0
184	184	0
177	177	0
99	99	0
152	152	0
181	181	0
160	160	0
184	184	0
182	182	0
166	166	0
171	171	0
115	115	0
184	184	0
3	181	0
119	119	0
179	179	0
184	184	0
66	66	0
30	154	0
122	122	0
87	97	0
184	184	0
143	143	0
99	99	0
20	164	0
175	175	0
181	181	0
184	184	0
170	170	0
160	160	0
181	181	0
182	182	0
180	180	0
179	179	0
78	106	0
173	173	0
175	175	0
169	169	0
50	134	0
150	150	0
172	172	0
174	174	0
179	179	0
184	184	0
162	162	0
136	136	0
175	175	0
80	80	0
26	158	0
184	184	0
19	165	0
184	184	0
164	164	0
184	184	0
171	171	0
177	177	0
171	171	0
182	182	0
180	180	0
171	171	0
181	181	0
169	169	0
165	165	0
184	184	0
81	103	0
144	144	0
183	183	0
101	101	0
183	183	0
172	172	0
50	134	0
184	184	0
183	183	0
183	183	0
181	181	0
5	179	0
177	177	0
182	182	0
162	162	0
38	146	0
164	164	0
169	169	0
40	144	0
184	184	0
46	138	0
165	165	0
172	172	0
181	181	0
160	160	0
174	174	0
4	180	0
149	149	0
184	184	0
23	23	0
177	177	0
181	181	0
184	184	0
184	184	0
16	168	0
119	119	0
184	184	0
181	181	0
182	182	0
184	184	0
45	139	0
184	184	0
184	184	0
184	184	0
184	184	0
36	148	0
184	184	0
183	183	0
166	166	0
182	182	0
181	181	0
150	150	0
174	174	0
164	164	0
115	115	0
184	184	0
170	170	0
100	100	0
172	172	0
102	102	0
184	184	0
152	152	0
184	184	0
134	134	0
184	184	0
173	173	0
149	149	0
34	150	0
184	184	0
162	162	0
183	183	0
183	183	0
184	184	0
184	184	0
184	184	0
180	180	0
175	175	0
127	127	0
177	177	0
180	180	0
24	160	0
172	172	0
154	154	0
183	183	0
184	184	0
175	175	0
65	119	0
132	132	0
151	151	0
164	164	0
12	172	0
184	184	0
15	169	0
179	179	0
162	162	0
26	158	0
177	177	0
180	180	0
179	179	0
184	184	0
86	98	0
180	180	0
180	180	0
155	155	0
175	175	0
54	54	0
174	174	0
180	180	0
177	177	0
164	164	0
148	148	0
180	180	0
161	161	0
142	142	0
165	165	0
3	181	0
182	182	0
180	180	0
183	183	0
171	171	0
184	184	0
174	174	0
163	163	0
181	181	0
163	163	0
184	184	0
5	179	0
181	181	0
173	173	0
169	169	0
88	96	0
178	178	0
184	184	0
92	92	0
164	164	0
141	141	0
50	134	0
179	179	0
70	70	0
180	180	0
64	120	0
177	177	0
178	178	0
183	183	0
75	109	0
71	113	0
17	167	0
184	184	0
18	166	0
41	143	0
94	94	0
176	176	0
178	178	0
183	183	0
184	184	0
184	184	0
61	123	0
184	184	0
165	165	0
183	183	0
139	139	0
183	183	0
162	162	0
184	184	0
176	176	0
183	183	0
184	184	0
183	183	0
18	166	0
160	160	0
183	183	0
166	166	0
180	180	0
159	159	0
184	184	0
184	184	0
177	177	0
70	70	0
182	182	0
168	168	0
165	165	0
39	145	0
182	182	0
181	181	0
178	178	0
170	170	0
179	179	0
137	137	0
131	131	0
154	154	0
183	183	0
184	184	0
169	169	0
25	159	0
30	154	0
183	183	0
53	131	0
182	182	0
6	178	0
183	183	0
184	184	0
29	155	0
165	165	0
84	100	0
173	173	0
181	181	0
166	166	0
156	156	0
176	176	0
162	162	0
179	179	0
184	184	0
184	184	0
65	119	0
184	184	0
184	184	0
175	175	0
155	155	0
177	177	0
182	182	0
16	168	0
181	181	0
184	184	0
183	183	0
171	171	0
9	175	0
182	182	0
74	74	0
52	132	0
184	184	0
148	148	0
184	184	0
134	134	0
148	148	0
184	184	0
177	177	0
66	118	0
22	22	0
175	175	0
158	158	0
182	182	0
167	167	0
184	184	0
182	182	0
171	171	0
184	184	0
136	136	0
177	177	0
179	179	0
167	167	0
173	173	0
183	183	0
183	183	0
171	171	0
177	177	0
95	95	0
184	184	0
184	184	0
77	107	0
178	178	0
157	157	0
183	183	0
184	184	0
174	174	0
173	173	0
111	111	0
183	183	0
89	95	0
131	131	0
184	184	0
132	132	0
183	183	0
177	177	0
172	172	0
181	181	0
184	184	0
172	172	0
184	184	0
178	178	0
184	184	0
184	184	0
13	171	0
74	74	0
180	180	0
173	173	0
182	182	0
172	172	0
161	161	0
178	178	0
184	184	0
79	79	0
183	183	0
155	155	0
137	137	0
178	178	0
174	174	0
5	179	0
182	182	0
169	169	0
152	152	0
184	184	0
184	184	0
150	150	0
184	184	0
180	180	0
184	184	0
184	184	0
179	179	0
16	168	0
57	57	0
183	183	0
154	154	0
168	168	0
179	179	0
182	182	0
179	179	0
184	184	0
184	184	0
184	184	0
184	184	0
175	175	0
181	181	0
171	171	0
149	149	0
184	184	0
167	167	0
165	165	0
34	150	0
87	97	0
20	164	0
182	182	0
182	182	0
114	114	0
184	184	0
38	38	0
183	183	0
173	173	0
183	183	0
183	183	0
53	131	0
184	184	0
184	184	0
171	171	0
71	113	0
32	152	0
175	175	0
183	183	0
183	183	0
182	182	0
184	184	0
181	181	0
171	171	0
184	184	0
163	163	0
46	46	0
178	178	0
173	173	0
45	139	0
177	177	0
174	174	0
162	162	0
162	162	0
174	174	0
159	159	0
184	184	0
184	184	0
183	183	0
175	175	0
170	170	0
3	181	0
174	174	0
21	163	0
33	151	0
149	149	0
172	172	0
183	183	0
182	182	0
183	183	0
141	141	0
150	150	0
183	183	0
152	152	0
181	181	0
165	165	0
146	146	0
184	184	0
90	94	0
179	179	0
184	184	0
183	183	0
156	156	0
30	154	0
182	182	0
184	184	0
179	179	0
183	183	0
176	176	0
103	103	0
177	177	0
181	181	0
184	184	0
176	176	0
184	184	0
184	184	0
163	163	0
176	176	0
168	168	0
11	173	0
184	184	0
184	184	0
184	184	0
152	152	0
170	170	0
168	168	0
170	170	0
168	168	0
167	167	0
81	81	0
33	151	0
159	159	0
181	181	0
183	183	0
95	95	0
179	179	0
52	52	0
112	112	0
16	168	0
177	177	0
6	178	0
184	184	0
184	184	0
178	178	0
183	183	0
102	102	0
174	174	0
133	133	0
171	171	0
184	184	0
172	172	0
120	120	0
175	175	0
184	184	0
183	183	0
184	184	0
181	181	0
126	126	0
182	182	0
128	128	0
179	179	0
136	136	0
41	143	0
177	177	0
168	168	0
183	183	0
162	162	0
184	184	0
173	173	0
184	184	0
90	90	0
44	44	0
174	174	0
145	145	0
182	182	0
167	167	0
184	184	0
184	184	0
182	182	0
27	27	0
179	179	0
168	168	0
176	176	0
32	152	0
162	162	0
184	184	0
184	184	0
131	131	0
140	140	0
184	184	0
170	170	0
155	155	0
176	176	0
163	163	0
184	184	0
166	166	0
183	183	0
179	179	0
169	169	0
184	184	0
171	171	0
184	184	0
167	167	0
184	184	0
60	124	0
171	171	0
171	171	0
180	180	0
179	179	0
179	179	0
182	182	0
160	160	0
183	183	0
183	183	0
184	184	0
181	181	0
29	155	0
14	170	0
167	167	0
176	176	0
174	174	0
169	169	0
179	179	0
178	178	0
184	184	0
174	174	0
169	169	0
184	184	0
168	168	0
184	184	0
47	47	0
29	155	0
184	184	0
183	183	0
179	179	0
162	162	0
184	184	0
183	183	0
183	183	0
9	175	0
162	162	0
184	184	0
169	169	0
184	184	0
183	183	0
13	171	0
179	179	0
177	177	0
53	131	0
181	181	0
78	106	0
173	173	0
35	149	0
182	182	0
180	180	0
184	184	0
162	162	0
163	163	0
170	170	0
184	184	0
184	184	0
148	148	0
182	182	0
184	184	0
170	170	0
21	163	0
184	184	0
174	174	0
60	124	0
182	182	0
109	109	0
182	182	0
167	167	0
184	184	0
181	181	0
179	179	0
181	181	0
163	163	0
184	184	0
177	177	0
180	180	0
159	159	0
181	181	0
183	183	0
143	143	0
182	182	0
167	167	0
180	180	0
180	180	0
166	166	0
177	177	0
184	184	0
184	184	0
184	184	0
172	172	0
9	175	0
175	175	0
179	179	0
184	184	0
72	72	0
183	183	0
155	155	0
184	184	0
63	121	0
180	180	0
148	148	0
158	158	0
177	177	0
33	151	0
184	184	0
147	147	0
183	183	0
182	182	0
175	175	0
151	151	0
180	180	0
184	184	0
167	167	0
184	184	0
184	184	0
184	184	0
67	67	0
161	161	0
166	166	0
178	178	0
178	178	0
171	171	0
181	181	0
166	166	0
184	184	0
184	184	0
153	153	0
184	184	0
178	178	0
166	166	0
173	173	0
183	183	0
153	153	0
179	179	0
162	162	0
175	175	0
82	82	0
151	151	0
177	177	0
177	177	0
161	161	0
179	179	0
180	180	0
182	182	0
184	184	0
27	157	0
182	182	0
165	165	0
49	135	0
182	182	0
182	182	0
182	182	0
181	181	0
180	180	0
183	183	0
162	162	0
173	173	0
159	159	0
184	184	0
166	166	0
143	143	0
184	184	0
167	167	0
150	150	0
182	182	0
180	180	0
174	174	0
183	183	0
156	156	0
54	130	0
184	184	0
17	167	0
183	183	0
184	184	0
181	181	0
184	184	0
1	183	0
100	100	0
169	169	0
177	177	0
174	174	0
184	184	0
184	184	0
178	178	0
184	184	0
90	90	0
171	171	0
180	180	0
183	183	0
145	145	0
155	155	0
181	181	0
184	184	0
69	69	0
182	182	0
143	143	0
171	171	0
183	183	0
78	78	0
173	173	0
184	184	0
184	184	0
173	173	0
143	143	0
183	183	0
167	167	0
37	37	0
134	134	0
40	144	0
141	141	0
178	178	0
183	183	0
164	164	0
148	148	0
178	178	0
184	184	0
126	126	0
125	125	0
183	183	0
180	180	0
140	140	0
179	179	0
184	184	0
183	183	0
32	152	0
174	174	0
184	184	0
181	181	0
163	163	0
172	172	0
82	102	0
183	183	0
177	177	0
175	175	0
170	170	0
184	184	0
184	184	0
182	182	0
154	154	0
173	173	0
183	183	0
180	180	0
183	183	0
184	184	0
183	183	0
177	177	0
182	182	0
166	166	0
184	184	0
181	181	0
141	141	0
10	174	0
161	161	0
173	173	0
161	161	0
24	160	0
157	157	0
184	184	0
183	183	0
183	183	0
184	184	0
12	172	0
174	174	0
184	184	0
83	101	0
172	172	0
184	184	0
152	152	0
178	178	0
26	158	0
181	181	0
182	182	0
52	132	0
183	183	0
183	183	0
173	173	0
66	118	0
108	108	0
164	164	0
61	123	0
182	182	0
184	184	0
183	183	0
178	178	0
149	149	0
164	164	0
184	184	0
183	183	0
175	175	0
181	181	0
174	174	0
166	166	0
129	129	0
179	179	0
182	182	0
161	161	0
67	117	0
157	157	0
151	151	0
171	171	0
183	183	0
184	184	0
182	182	0
184	184	0
183	183	0
182	182	0
21	163	0
132	132	0
184	184	0
184	184	0
25	159	0
184	184	0
172	172	0
170	170	0
177	177	0
166	166	0
184	184	0
181	181	0
183	183	0
182	182	0
181	181	0
184	184	0
183	183	0
182	182	0
184	184	0
184	184	0
184	184	0
184	184	0
184	184	0
183	183	0
184	184	0
181	181	0
145	145	0
173	173	0
183	183	0
143	143	0
158	158	0
184	184	0
87	87	0
180	180	0
172	172	0
184	184	0
184	184	0
179	179	0
179	179	0
56	56	0
184	184	0
130	130	0
168	168	0
176	176	0
169	169	0
183	183	0
182	182	0
181	181	0
7	177	0
82	102	0
180	180	0
179	179	0
177	177	0
158	158	0
184	184	0
173	173	0
177	177	0
183	183	0
182	182	0
106	106	0
182	182	0
179	179	0
184	184	0
181	181	0
184	184	0
182	182	0
125	125	0
132	132	0
175	175	0
162	162	0
178	178	0
181	181	0
182	182	0
184	184	0
184	184	0
184	184	0
184	184	0
175	175	0
178	178	0
9	175	0
178	178	0
43	141	0
184	184	0
176	176	0
180	180	0
102	102	0
176	176	0
166	166	0
176	176	0
163	163	0
173	173	0
185	185	0
137	137	0
2	182	0
183	183	0
183	183	0
5	179	0
110	110	0
172	172	0
182	182	0
133	133	0
184	184	0
179	179	0
182	182	0
180	180	0
162	162	0
184	184	0
133	133	0
173	173	0
180	180	0
184	184	0
167	167	0
181	181	0
184	184	0
177	177	0
12	172	0
9	175	0
178	178	0
184	184	0
184	184	0
12	172	0
152	152	0
38	146	0
179	179	0
173	173	0
184	184	0
172	172	0
184	184	0
3	181	0
177	177	0
184	184	0
177	177	0
179	179	0
184	184	0
182	182	0
182	182	0
171	171	0
117	117	0
184	184	0
184	184	0
184	184	0
178	178	0
77	77	0
184	184	0
184	184	0
180	180	0
164	164	0
184	184	0
180	180	0
167	167	0
183	183	0
141	141	0
180	180	0
180	180	0
184	184	0
172	172	0
182	182	0
180	180	0
184	184	0
175	175	0
9	175	0
182	182	0
155	155	0
184	184	0
182	182	0
153	153	0
184	184	0
173	173	0
184	184	0
63	121	0
183	183	0
184	184	0
172	172	0
34	150	0
182	182	0
103	103	0
174	174	0
184	184	0
184	184	0
171	171	0
184	184	0
179	179	0
184	184	0
178	178	0
180	180	0
176	176	0
173	173	0
178	178	0
171	171	0
183	183	0
170	170	0
73	111	0
173	173	0
144	144	0
181	181	0
184	184	0
173	173	0
139	139	0
169	169	0
178	178	0
180	180	0
182	182	0
174	174	0
184	184	0
184	184	0
184	184	0
184	184	0
138	138	0
184	184	0
182	182	0
15	169	0
179	179	0
174	174	0
133	133	0
147	147	0
181	181	0
182	182	0
177	177	0
176	176	0
135	135	0
182	182	0
73	111	0
44	140	0
184	184	0
184	184	0
182	182	0
15	169	0
168	168	0
177	177	0
183	183	0
183	183	0
182	182	0
181	181	0
171	171	0
174	174	0
175	175	0
174	174	0
29	155	0
129	129	0
175	175	0
181	181	0
182	182	0
150	150	0
88	88	0
183	183	0
183	183	0
182	182	0
183	183	0
184	184	0
184	184	0
163	163	0
184	184	0
174	174	0
177	177	0
180	180	0
171	171	0
184	184	0
184	184	0
59	125	0
178	178	0
164	164	0
138	138	0
166	166	0
183	183	0
182	182	0
40	144	0
62	62	0
135	135	0
171	171	0
181	181	0
180	180	0
179	179	0
183	183	0
154	154	0
183	183	0
88	88	0
184	184	0
69	69	0
182	182	0
177	177	0
136	136	0
101	101	0
173	173	0
166	166	0
184	184	0
138	138	0
183	183	0
8	176	0
152	152	0
179	179	0
177	177	0
176	176	0
180	180	0
184	184	0
179	179	0
180	180	0
61	123	0
181	181	0
63	121	0
150	150	0
173	173	0
182	182	0
183	183	0
177	177	0
169	169	0
179	179	0
184	184	0
67	117	0
184	184	0
182	182	0
183	183	0
178	178	0
178	178	0
184	184	0
183	183	0
182	182	0
180	180	0
181	181	0
184	184	0
81	81	0
184	184	0
174	174	0
161	161	0
177	177	0
184	184	0
182	182	0
176	176	0
183	183	0
178	178	0
30	154	0
183	183	0
183	183	0
20	164	0
162	162	0
178	178	0
182	182	0
182	182	0
0	184	1
30	154	0
184	184	0
182	182	0
184	184	0
183	183	0
184	184	0
184	184	0
184	184	0
183	183	0
177	177	0
183	183	0
182	182	0
170	170	0
181	181	0
28	156	0
184	184	0
180	180	0
177	177	0
178	178	0
158	158	0
184	184	0
184	184	0
180	180	0
184	184	0
93	93	0
182	182	0
176	176	0
167	167	0
178	178	0
104	104	0
179	179	0
184	184	0
180	180	0
176	176	0
163	163	0
148	148	0
144	144	0
184	184	0
184	184	0
180	180	0
184	184	0
182	182	0
184	184	0
184	184	0
142	142	0
177	177	0
178	178	0
180	180	0
175	175	0
184	184	0
179	179	0
7	177	0
183	183	0
155	155	0
184	184	0
180	180	0
184	184	0
180	180	0
176	176	0
181	181	0
149	149	0
181	181	0
184	184	0
64	120	0
178	178	0
183	183	0
178	178	0
181	181	0
167	167	0
181	181	0
184	184	0
182	182	0
76	108	0
175	175	0
178	178	0
180	180	0
176	176	0
184	184	0
169	169	0
184	184	0
106	106	0
184	184	0
177	177	0
180	180	0
177	177	0
163	163	0
177	177	0
156	156	0
182	182	0
176	176	0
184	184	0
184	184	0
107	107	0
172	172	0
101	101	0
184	184	0
184	184	0
184	184	0
184	184	0
121	121	0
157	157	0
82	82	0
183	183	0
184	184	0
184	184	0
184	184	0
160	160	0
158	158	0
183	183	0
74	74	0
175	175	0
184	184	0
176	176	0
184	184	0
162	162	0
184	184	0
133	133	0
145	145	0
168	168	0
184	184	0
182	182	0
184	184	0
181	181	0
114	114	0
173	173	0
159	159	0
163	163	0
177	177	0
184	184	0
184	184	0
170	170	0
179	179	0
183	183	0
184	184	0
33	151	0
168	168	0
141	141	0
180	180	0
183	183	0
184	184	0
183	183	0
174	174	0
184	184	0
184	184	0
7	177	0
108	108	0
148	148	0
182	182	0
184	184	0
182	182	0
178	178	0
182	182	0
184	184	0
178	178	0
153	153	0
179	179	0
181	181	0
156	156	0
169	169	0
140	140	0
170	170	0
169	169	0
184	184	0
128	128	0
43	141	0
179	179	0
184	184	0
169	169	0
184	184	0
184	184	0
182	182	0
169	169	0
178	178	0
153	153	0
180	180	0
181	181	0
184	184	0
178	178	0
35	35	0
120	120	0
180	180	0
171	171	0
176	176	0
182	182	0
176	176	0
168	168	0
11	173	0
181	181	0
163	163	0
165	165	0
184	184	0
183	183	0
177	177	0
184	184	0
133	133	0
165	165	0
184	184	0
59	125	0
183	183	0
155	155	0
138	138	0
170	170	0
178	178	0
21	163	0
183	183	0
100	100	0
184	184	0
180	180	0
184	184	0
74	74	0
172	172	0
184	184	0
164	164	0
147	147	0
175	175	0
133	133	0
183	183	0
181	181	0
172	172	0
12	172	0
181	181	0
175	175	0
176	176	0
175	175	0
158	158	0
181	181	0
136	136	0
184	184	0
184	184	0
184	184	0
180	180	0
184	184	0
168	168	0
161	161	0
161	161	0
104	104	0
184	184	0
183	183	0
184	184	0
10	174	0
184	184	0
182	182	0
182	182	0
39	145	0
24	160	0
120	120	0
182	182	0
184	184	0
8	176	0
122	122	0
83	101	0
22	162	0
181	181	0
103	103	0
148	148	0
183	183	0
178	178	0
45	139	0
184	184	0
69	115	0
176	176	0
183	183	0
175	175	0
166	166	0
184	184	0
180	180	0
184	184	0
21	163	0
178	178	0
183	183	0
117	117	0
106	106	0
180	180	0
5	179	0
184	184	0
15	169	0
184	184	0
182	182	0
112	112	0
89	95	0
76	108	0
184	184	0
170	170	0
4	180	0
184	184	0
47	137	0
175	175	0
154	154	0
184	184	0
183	183	0
123	123	0
184	184	0
175	175	0
45	139	0
184	184	0
36	148	0
3	181	0
25	159	0
180	180	0
179	179	0
181	181	0
173	173	0
184	184	0
181	181	0
171	171	0
181	181	0
182	182	0
166	166	0
17	167	0
183	183	0
183	183	0
10	174	0
11	173	0
184	184	0
15	169	0
20	164	0
181	181	0
171	171	0
23	161	0
24	160	0
176	176	0
173	173	0
59	125	0
4	180	0
136	136	0
177	177	0
29	155	0
184	184	0
51	133	0
147	147	0
166	166	0
181	181	0
184	184	0
184	184	0
40	144	0
184	184	0
26	158	0
184	184	0
183	183	0
151	151	0
13	171	0
165	165	0
165	165	0
40	40	0
184	184	0
184	184	0
32	152	0
181	181	0
184	184	0
174	174	0
178	178	0
177	177	0
184	184	0
89	95	0
169	169	0
9	175	0
175	175	0
184	184	0
153	153	0
15	169	0
28	156	0
171	171	0
184	184	0
177	177	0
176	176	0
183	183	0
183	183	0
109	109	0
175	175	0
183	183	0
21	163	0
8	176	0
155	155	0
182	182	0
171	171	0
184	184	0
151	151	0
184	184	0
135	135	0
183	183	0
166	166	0
179	179	0
69	115	0
167	167	0
181	181	0
31	153	0
181	181	0
48	136	0
74	110	0
167	167	0
40	144	0
179	179	0
184	184	0
180	180	0
184	184	0
184	184	0
183	183	0
174	174	0
183	183	0
20	164	0
184	184	0
184	184	0
184	184	0
181	181	0
162	162	0
128	128	0
180	180	0
181	181	0
165	165	0
182	182	0
148	148	0
183	183	0
42	142	0
169	169	0
182	182	0
37	147	0
177	177	0
154	154	0
184	184	0
68	116	0
178	178	0
12	172	0
177	177	0
90	94	0
183	183	0
181	181	0
0	184	1
165	165	0
33	151	0
169	169	0
184	184	0
85	99	0
46	138	0
184	184	0
184	184	0
184	184	0
180	180	0
2	182	0
78	106	0
169	169	0
184	184	0
163	163	0
184	184	0
184	184	0
184	184	0
170	170	0
28	156	0
184	184	0
182	182	0
16	168	0
183	183	0
183	183	0
5	179	0
184	184	0
99	99	0
182	182	0
57	127	0
183	183	0
184	184	0
149	149	0
182	182	0
59	125	0
22	162	0
184	184	0
183	183	0
154	154	0
134	134	0
176	176	0
179	179	0
183	183	0
77	107	0
179	179	0
183	183	0
6	178	0
184	184	0
156	156	0
184	184	0
10	174	0
162	162	0
166	166	0
117	117	0
156	156	0
166	166	0
26	158	0
183	183	0
14	170	0
184	184	0
162	162	0
184	184	0
120	120	0
169	169	0
171	171	0
184	184	0
167	167	0
184	184	0
184	184	0
165	165	0
182	182	0
174	174	0
181	181	0
182	182	0
156	156	0
172	172	0
166	166	0
184	184	0
180	180	0
184	184	0
183	183	0
172	172	0
177	177	0
184	184	0
182	182	0
184	184	0
184	184	0
181	181	0
183	183	0
6	178	0
184	184	0
167	167	0
177	177	0
161	161	0
168	168	0
171	171	0
27	157	0
182	182	0
5	179	0
178	178	0
178	178	0
178	178	0
173	173	0
183	183	0
136	136	0
167	167	0
113	113	0
183	183	0
145	145	0
183	183	0
106	106	0
183	183	0
180	180	0
73	111	0
182	182	0
45	139	0
172	172	0
184	184	0
183	183	0
184	184	0
181	181	0
176	176	0
180	180	0
176	176	0
178	178	0
167	167	0
173	173	0
182	182	0
182	182	0
178	178	0
8	176	0
184	184	0
123	123	0
183	183	0
184	184	0
180	180	0
184	184	0
181	181	0
183	183	0
176	176	0
76	108	0
164	164	0
118	118	0
179	179	0
170	170	0
156	156	0
14	170	0
176	176	0
177	177	0
184	184	0
27	157	0
164	164	0
17	167	0
137	137	0
172	172	0
181	181	0
184	184	0
153	153	0
160	160	0
182	182	0
47	137	0
170	170	0
177	177	0
182	182	0
81	103	0
181	181	0
178	178	0
177	177	0
184	184	0
182	182	0
177	177	0
178	178	0
179	179	0
167	167	0
163	163	0
183	183	0
168	168	0
181	181	0
184	184	0
182	182	0
184	184	0
184	184	0
182	182	0
148	148	0
177	177	0
166	166	0
176	176	0
99	99	0
163	163	0
184	184	0
30	154	0
173	173	0
184	184	0
14	170	0
184	184	0
176	176	0
160	160	0
183	183	0
159	159	0
177	177	0
179	179	0
0	184	1
181	181	0
184	184	0
183	183	0
181	181	0
184	184	0
49	135	0
177	177	0
184	184	0
61	61	0
183	183	0
175	175	0
175	175	0
175	175	0
15	169	0
181	181	0
180	180	0
172	172	0
155	155	0
176	176	0
184	184	0
157	157	0
184	184	0
107	107	0
166	166	0
174	174	0
175	175	0
185	185	0
177	177	0
133	133	0
182	182	0
184	184	0
175	175	0
184	184	0
184	184	0
27	157	0
20	164	0
174	174	0
180	180	0
9	175	0
182	182	0
132	132	0
182	182	0
142	142	0
184	184	0
156	156	0
74	110	0
181	181	0
183	183	0
173	173	0
180	180	0
182	182	0
177	177	0
12	172	0
153	153	0
183	183	0
184	184	0
115	115	0
182	182	0
184	184	0
184	184	0
184	184	0
9	175	0
182	182	0
84	100	0
176	176	0
143	143	0
183	183	0
87	87	0
166	166	0
184	184	0
115	115	0
151	151	0
79	105	0
184	184	0
160	160	0
184	184	0
2	182	0
175	175	0
179	179	0
183	183	0
143	143	0
177	177	0
179	179	0
177	177	0
179	179	0
183	183	0
3	181	0
30	30	0
183	183	0
183	183	0
156	156	0
182	182	0
178	178	0
182	182	0
167	167	0
162	162	0
82	82	0
70	114	0
183	183	0
111	111	0
18	166	0
139	139	0
182	182	0
162	162	0
164	164	0
184	184	0
166	166	0
181	181	0
172	172	0
177	177	0
184	184	0
184	184	0
184	184	0
178	178	0
63	121	0
163	163	0
175	175	0
39	39	0
184	184	0
37	147	0
144	144	0
182	182	0
2	182	0
184	184	0
182	182	0
182	182	0
175	175	0
182	182	0
173	173	0
159	159	0
155	155	0
173	173	0
135	135	0
184	184	0
171	171	0
184	184	0
90	94	0
3	181	0
66	118	0
184	184	0
169	169	0
182	182	0
183	183	0
107	107	0
105	105	0
35	149	0
180	180	0
178	178	0
131	131	0
15	169	0
7	177	0
179	179	0
184	184	0
167	167	0
134	134	0
62	122	0
158	158	0
184	184	0
184	184	0
184	184	0
182	182	0
10	174	0
171	171	0
184	184	0
50	134	0
182	182	0
173	173	0
184	184	0
181	181	0
183	183	0
184	184	0
106	106	0
177	177	0
7	177	0
184	184	0
182	182	0
184	184	0
184	184	0
184	184	0
185	185	0
48	48	0
161	161	0
184	184	0
183	183	0
184	184	0
153	153	0
184	184	0
184	184	0
27	157	0
182	182	0
181	181	0
177	177	0
182	182	0
184	184	0
166	166	0
128	128	0
177	177	0
182	182	0
184	184	0
183	183	0
174	174	0
183	183	0
39	145	0
46	46	0
180	180	0
148	148	0
116	116	0
82	102	0
180	180	0
183	183	0
182	182	0
51	133	0
183	183	0
157	157	0
181	181	0
184	184	0
183	183	0
165	165	0
184	184	0
183	183	0
184	184	0
182	182	0
133	133	0
167	167	0
131	131	0
168	168	0
180	180	0
17	167	0
184	184	0
184	184	0
166	166	0
184	184	0
184	184	0
3	181	0
178	178	0
30	154	0
184	184	0
78	106	0
184	184	0
180	180	0
53	131	0
17	167	0
148	148	0
183	183	0
184	184	0
160	160	0
179	179	0
183	183	0
184	184	0
29	155	0
154	154	0
37	147	0
180	180	0
183	183	0
184	184	0
182	182	0
164	164	0
181	181	0
41	143	0
184	184	0
141	141	0
176	176	0
154	154	0
181	181	0
183	183	0
164	164	0
179	179	0
182	182	0
176	176	0
160	160	0
184	184	0
106	106	0
33	151	0
139	139	0
8	176	0
184	184	0
48	136	0
174	174	0
174	174	0
179	179	0
179	179	0
184	184	0
175	175	0
41	143	0
182	182	0
184	184	0
27	157	0
178	178	0
54	130	0
174	174	0
165	165	0
183	183	0
141	141	0
183	183	0
184	184	0
184	184	0
120	120	0
41	143	0
184	184	0
183	183	0
10	174	0
183	183	0
182	182	0
75	109	0
184	184	0
176	176	0
176	176	0
125	125	0
158	158	0
180	180	0
175	175	0
164	164	0
169	169	0
170	170	0
184	184	0
184	184	0
141	141	0
184	184	0
136	136	0
40	144	0
181	181	0
183	183	0
160	160	0
184	184	0
184	184	0
176	176	0
184	184	0
184	184	0
180	180	0
184	184	0
182	182	0
173	173	0
184	184	0
180	180	0
160	160	0
161	161	0
181	181	0
92	92	0
182	182	0
181	181	0
180	180	0
177	177	0
179	179	0
182	182	0
176	176	0
183	183	0
184	184	0
33	151	0
174	174	0
176	176	0
182	182	0
184	184	0
8	176	0
155	155	0
183	183	0
36	148	0
3	181	0
170	170	0
184	184	0
182	182	0
181	181	0
184	184	0
183	183	0
180	180	0
169	169	0
184	184	0
183	183	0
174	174	0
184	184	0
172	172	0
178	178	0
165	165	0
66	118	0
20	164	0
139	139	0
162	162	0
184	184	0
184	184	0
160	160	0
184	184	0
176	176	0
174	174	0
156	156	0
175	175	0
183	183	0
183	183	0
151	151	0
146	146	0
177	177	0
182	182	0
184	184	0
166	166	0
9	175	0
179	179	0
165	165	0
168	168	0
183	183	0
49	135	0
178	178	0
182	182	0
184	184	0
23	161	0
178	178	0
180	180	0
17	167	0
183	183	0
178	178	0
45	139	0
139	139	0
183	183	0
168	168	0
42	142	0
184	184	0
181	181	0
182	182	0
177	177	0
180	180	0
184	184	0
184	184	0
179	179	0
86	86	0
12	172	0
184	184	0
170	170	0
79	105	0
10	174	0
170	170	0
19	165	0
168	168	0
178	178	0
177	177	0
182	182	0
11	173	0
184	184	0
177	177	0
182	182	0
184	184	0
184	184	0
185	185	0
184	184	0
184	184	0
26	158	0
184	184	0
183	183	0
183	183	0
181	181	0
181	181	0
183	183	0
184	184	0
11	173	0
161	161	0
184	184	0
183	183	0
143	143	0
177	177	0
183	183	0
184	184	0
180	180	0
182	182	0
183	183	0
184	184	0
183	183	0
178	178	0
180	180	0
180	180	0
181	181	0
37	147	0
185	185	0
180	180	0
102	102	0
180	180	0
28	156	0
157	157	0
183	183	0
184	184	0
163	163	0
154	154	0
161	161	0
182	182	0
183	183	0
135	135	0
184	184	0
181	181	0
162	162	0
184	184	0
183	183	0
175	175	0
79	105	0
184	184	0
183	183	0
181	181	0
181	181	0
184	184	0
183	183	0
183	183	0
63	63	0
103	103	0
176	176	0
182	182	0
184	184	0
84	84	0
183	183	0
179	179	0
183	183	0
184	184	0
139	139	0
183	183	0
184	184	0
171	171	0
139	139	0
178	178	0
183	183	0
173	173	0
178	178	0
184	184	0
183	183	0
126	126	0
4	180	0
184	184	0
182	182	0
181	181	0
178	178	0
172	172	0
171	171	0
164	164	0
169	169	0
183	183	0
184	184	0
184	184	0
183	183	0
178	178	0
28	156	0
180	180	0
19	165	0
175	175	0
122	122	0
183	183	0
176	176	0
182	182	0
184	184	0
1	183	0
177	177	0
175	175	0
169	169	0
183	183	0
81	81	0
179	179	0
18	166	0
182	182	0
48	48	0
176	176	0
184	184	0
184	184	0
183	183	0
184	184	0
119	119	0
168	168	0
181	181	0
11	11	0
78	78	0
184	184	0
15	169	0
183	183	0
159	159	0
16	168	0
183	183	0
184	184	0
181	181	0
138	138	0
179	179	0
176	176	0
43	141	0
183	183	0
77	107	0
180	180	0
179	179	0
91	91	0
38	146	0
11	173	0
173	173	0
14	170	0
184	184	0
183	183	0
184	184	0
184	184	0
184	184	0
183	183	0
167	167	0
155	155	0
184	184	0
182	182	0
152	152	0
172	172	0
159	159	0
184	184	0
143	143	0
177	177	0
182	182	0
167	167	0
184	184	0
180	180	0
74	110	0
184	184	0
184	184	0
175	175	0
175	175	0
79	79	0
177	177	0
143	143	0
184	184	0
174	174	0
183	183	0
19	165	0
10	174	0
184	184	0
184	184	0
178	178	0
184	184	0
184	184	0
184	184	0
151	151	0
184	184	0
59	125	0
183	183	0
171	171	0
183	183	0
182	182	0
184	184	0
178	178	0
184	184	0
183	183	0
166	166	0
128	128	0
86	98	0
132	132	0
168	168	0
184	184	0
52	132	0
184	184	0
158	158	0
163	163	0
161	161	0
179	179	0
183	183	0
148	148	0
184	184	0
182	182	0
178	178	0
184	184	0
184	184	0
181	181	0
172	172	0
178	178	0
184	184	0
183	183	0
167	167	0
178	178	0
177	177	0
179	179	0
182	182	0
176	176	0
178	178	0
162	162	0
144	144	0
184	184	0
173	173	0
142	142	0
183	183	0
184	184	0
184	184	0
178	178	0
174	174	0
183	183	0
178	178	0
181	181	0
183	183	0
182	182	0
165	165	0
157	157	0
80	104	0
184	184	0
184	184	0
183	183	0
177	177	0
183	183	0
184	184	0
106	106	0
30	30	0
184	184	0
113	113	0
182	182	0
177	177	0
164	164	0
184	184	0
180	180	0
8	176	0
150	150	0
179	179	0
175	175	0
181	181	0
131	131	0
178	178	0
184	184	0
184	184	0
61	123	0
180	180	0
120	120	0
107	107	0
184	184	0
183	183	0
164	164	0
152	152	0
181	181	0
184	184	0
146	146	0
182	182	0
184	184	0
149	149	0
184	184	0
179	179	0
184	184	0
164	164	0
173	173	0
184	184	0
184	184	0
180	180	0
184	184	0
176	176	0
183	183	0
168	168	0
184	184	0
130	130	0
42	42	0
183	183	0
169	169	0
170	170	0
171	171	0
167	167	0
184	184	0
175	175	0
173	173	0
176	176	0
184	184	0
182	182	0
184	184	0
184	184	0
14	170	0
182	182	0
176	176	0
68	68	0
61	123	0
151	151	0
182	182	0
111	111	0
184	184	0
180	180	0
184	184	0
151	151	0
71	71	0
126	126	0
160	160	0
176	176	0
180	180	0
184	184	0
177	177	0
95	95	0
184	184	0
173	173	0
184	184	0
179	179	0
173	173	0
179	179	0
177	177	0
184	184	0
184	184	0
160	160	0
34	150	0
31	31	0
183	183	0
183	183	0
184	184	0
53	131	0
184	184	0
12	172	0
29	155	0
173	173	0
156	156	0
183	183	0
176	176	0
184	184	0
172	172	0
9	175	0
184	184	0
184	184	0
184	184	0
183	183	0
175	175	0
184	184	0
184	184	0
183	183	0
0	184	1
183	183	0
157	157	0
182	182	0
178	178	0
157	157	0
183	183	0
79	105	0
184	184	0
180	180	0
119	119	0
182	182	0
144	144	0
184	184	0
184	184	0
181	181	0
183	183	0
180	180	0
160	160	0
182	182	0
171	171	0
176	176	0
171	171	0
51	133	0
180	180	0
166	166	0
178	178	0
171	171	0
167	167	0
184	184	0
172	172	0
184	184	0
183	183	0
183	183	0
49	135	0
22	162	0
182	182	0
181	181	0
6	178	0
163	163	0
13	171	0
14	170	0
149	149	0
147	147	0
180	180	0
183	183	0
36	148	0
165	165	0
171	171	0
179	179	0
179	179	0
166	166	0
184	184	0
184	184	0
183	183	0
180	180	0
84	100	0
154	154	0
128	128	0
78	78	0
46	138	0
183	183	0
184	184	0
184	184	0
182	182	0
177	177	0
184	184	0
172	172	0
174	174	0
184	184	0
183	183	0
167	167	0
148	148	0
95	95	0
183	183	0
184	184	0
178	178	0
184	184	0
111	111	0
184	184	0
184	184	0
154	154	0
184	184	0
184	184	0
179	179	0
175	175	0
184	184	0
182	182	0
156	156	0
177	177	0
181	181	0
177	177	0
181	181	0
179	179	0
181	181	0
184	184	0
182	182	0
183	183	0
184	184	0
16	168	0
184	184	0
184	184	0
166	166	0
171	171	0
46	138	0
110	110	0
178	178	0
133	133	0
133	133	0
166	166	0
63	121	0
6	178	0
182	182	0
184	184	0
172	172	0
40	144	0
183	183	0
181	181	0
183	183	0
180	180	0
181	181	0
177	177	0
25	25	0
177	177	0
180	180	0
181	181	0
184	184	0
184	184	0
181	181	0
184	184	0
20	20	0
183	183	0
184	184	0
10	174	0
182	182	0
163	163	0
184	184	0
178	178	0
183	183	0
184	184	0
168	168	0
165	165	0
173	173	0
165	165	0
183	183	0
89	95	0
184	184	0
184	184	0
177	177	0
165	165	0
184	184	0
183	183	0
184	184	0
183	183	0
75	75	0
184	184	0
177	177	0
140	140	0
180	180	0
184	184	0
183	183	0
184	184	0
184	184	0
183	183	0
182	182	0
176	176	0
181	181	0
184	184	0
184	184	0
184	184	0
60	124	0
184	184	0
184	184	0
84	84	0
154	154	0
16	168	0
180	180	0
55	129	0
182	182	0
184	184	0
177	177	0
184	184	0
54	54	0
173	173	0
174	174	0
184	184	0
184	184	0
184	184	0
15	169	0
177	177	0
184	184	0
171	171	0
87	97	0
184	184	0
148	148	0
183	183	0
180	180	0
154	154	0
181	181	0
65	65	0
61	123	0
184	184	0
178	178	0
183	183	0
184	184	0
109	109	0
180	180	0
172	172	0
185	185	0
177	177	0
183	183	0
137	137	0
182	182	0
180	180	0
182	182	0
184	184	0
130	130	0
7	177	0
184	184	0
87	97	0
3	181	0
181	181	0
184	184	0
184	184	0
180	180	0
184	184	0
184	184	0
160	160	0
184	184	0
184	184	0
184	184	0
183	183	0
184	184	0
182	182	0
178	178	0
184	184	0
136	136	0
182	182	0
184	184	0
180	180	0
184	184	0
184	184	0
184	184	0
166	166	0
156	156	0
148	148	0
42	42	0
184	184	0
165	165	0
184	184	0
179	179	0
181	181	0
173	173	0
184	184	0
184	184	0
184	184	0
182	182	0
180	180	0
174	174	0
178	178	0
184	184	0
181	181	0
104	104	0
158	158	0
183	183	0
64	120	0
5	179	0
181	181	0
184	184	0
180	180	0
183	183	0
158	158	0
181	181	0
184	184	0
184	184	0
154	154	0
167	167	0
167	167	0
184	184	0
175	175	0
181	181	0
178	178	0
184	184	0
167	167	0
184	184	0
184	184	0
25	159	0
22	162	0
176	176	0
162	162	0
178	178	0
184	184	0
184	184	0
184	184	0
184	184	0
181	181	0
167	167	0
184	184	0
175	175	0
175	175	0
178	178	0
184	184	0
168	168	0
184	184	0
176	176	0
41	143	0
129	129	0
180	180	0
180	180	0
172	172	0
181	181	0
180	180	0
176	176	0
182	182	0
166	166	0
154	154	0
10	174	0
153	153	0
179	179	0
134	134	0
167	167	0
182	182	0
177	177	0
0	184	1
174	174	0
181	181	0
180	180	0
172	172	0
170	170	0
183	183	0
184	184	0
182	182	0
184	184	0
160	160	0
184	184	0
165	165	0
153	153	0
149	149	0
174	174	0
178	178	0
178	178	0
171	171	0
184	184	0
184	184	0
121	121	0
175	175	0
184	184	0
184	184	0
42	42	0
135	135	0
161	161	0
182	182	0
176	176	0
87	97	0
179	179	0
184	184	0
132	132	0
128	128	0
161	161	0
144	144	0
184	184	0
164	164	0
183	183	0
184	184	0
184	184	0
184	184	0
184	184	0
184	184	0
10	174	0
74	110	0
184	184	0
184	184	0
184	184	0
178	178	0
176	176	0
182	182	0
180	180	0
183	183	0
168	168	0
184	184	0
181	181	0
184	184	0
167	167	0
181	181	0
154	154	0
22	162	0
184	184	0
184	184	0
183	183	0
183	183	0
119	119	0
183	183	0
184	184	0
134	134	0
184	184	0
180	180	0
162	162	0
180	180	0
184	184	0
87	97	0
181	181	0
183	183	0
161	161	0
73	73	0
168	168	0
184	184	0
184	184	0
182	182	0
184	184	0
181	181	0
9	175	0
181	181	0
183	183	0
184	184	0
84	84	0
148	148	0
168	168	0
176	176	0
174	174	0
181	181	0
134	134	0
0	184	1
150	150	0
180	180	0
184	184	0
182	182	0
184	184	0
126	126	0
121	121	0
183	183	0
182	182	0
42	142	0
174	174	0
182	182	0
179	179	0
175	175	0
172	172	0
183	183	0
183	183	0
174	174	0
183	183	0
171	171	0
178	178	0
176	176	0
184	184	0
58	126	0
138	138	0
119	119	0
184	184	0
180	180	0
184	184	0
181	181	0
184	184	0
147	147	0
176	176	0
181	181	0
180	180	0
172	172	0
170	170	0
166	166	0
74	110	0
181	181	0
9	175	0
184	184	0
184	184	0
151	151	0
177	177	0
167	167	0
183	183	0
184	184	0
183	183	0
169	169	0
176	176	0
182	182	0
183	183	0
122	122	0
174	174	0
183	183	0
182	182	0
184	184	0
179	179	0
184	184	0
169	169	0
181	181	0
181	181	0
184	184	0
155	155	0
178	178	0
180	180	0
173	173	0
20	164	0
183	183	0
184	184	0
156	156	0
184	184	0
129	129	0
2	182	0
145	145	0
176	176	0
163	163	0
177	177	0
133	133	0
43	141	0
161	161	0
184	184	0
168	168	0
184	184	0
183	183	0
181	181	0
178	178	0
183	183	0
184	184	0
181	181	0
177	177	0
85	99	0
184	184	0
86	98	0
126	126	0
175	175	0
5	179	0
147	147	0
158	158	0
89	95	0
184	184	0
145	145	0
14	170	0
184	184	0
181	181	0
180	180	0
82	82	0
19	19	0
184	184	0
127	127	0
171	171	0
181	181	0
182	182	0
183	183	0
183	183	0
179	179	0
173	173	0
184	184	0
159	159	0
162	162	0
184	184	0
170	170	0
181	181	0
184	184	0
24	160	0
121	121	0
178	178	0
156	156	0
180	180	0
72	112	0
184	184	0
166	166	0
183	183	0
182	182	0
150	150	0
170	170	0
176	176	0
177	177	0
41	143	0
170	170	0
184	184	0
153	153	0
181	181	0
181	181	0
179	179	0
160	160	0
183	183	0
33	151	0
184	184	0
181	181	0
52	132	0
179	179	0
162	162	0
184	184	0
184	184	0
184	184	0
170	170	0
105	105	0
182	182	0
66	118	0
184	184	0
184	184	0
184	184	0
184	184	0
178	178	0
162	162	0
178	178	0
15	169	0
171	171	0
9	175	0
149	149	0
44	140	0
77	107	0
180	180	0
184	184	0
176	176	0
168	168	0
130	130	0
4	180	0
181	181	0
183	183	0
180	180	0
177	177	0
64	120	0
184	184	0
171	171	0
184	184	0
118	118	0
184	184	0
81	103	0
166	166	0
176	176	0
162	162	0
83	83	0
147	147	0
181	181	0
184	184	0
184	184	0
185	185	0
184	184	0
181	181	0
180	180	0
180	180	0
177	177	0
24	160	0
148	148	0
184	184	0
183	183	0
33	151	0
179	179	0
178	178	0
180	180	0
178	178	0
160	160	0
181	181	0
180	180	0
177	177	0
183	183	0
83	83	0
179	179	0
183	183	0
181	181	0
45	139	0
182	182	0
155	155	0
173	173	0
173	173	0
148	148	0
182	182	0
182	182	0
181	181	0
177	177	0
176	176	0
121	121	0
184	184	0
177	177	0
183	183	0
152	152	0
50	134	0
178	178	0
184	184	0
153	153	0
20	20	0
184	184	0
164	164	0
184	184	0
181	181	0
184	184	0
184	184	0
182	182	0
182	182	0
179	179	0
181	181	0
177	177	0
178	178	0
184	184	0
181	181	0
180	180	0
174	174	0
127	127	0
170	170	0
183	183	0
184	184	0
113	113	0
79	79	0
168	168	0
178	178	0
153	153	0
180	180	0
150	150	0
121	121	0
181	181	0
176	176	0
182	182	0
184	184	0
93	93	0
161	161	0
182	182	0
184	184	0
179	179	0
170	170	0
179	179	0
171	171	0
177	177	0
157	157	0
183	183	0
177	177	0
184	184	0
166	166	0
179	179	0
183	183	0
176	176	0
184	184	0
117	117	0
28	156	0
20	164	0
153	153	0
180	180	0
184	184	0
179	179	0
183	183	0
184	184	0
183	183	0
184	184	0
177	177	0
130	130	0
183	183	0
172	172	0
106	106	0
182	182	0
86	98	0
8	176	0
182	182	0
183	183	0
166	166	0
183	183	0
183	183	0
183	183	0
171	171	0
167	167	0
184	184	0
117	117	0
150	150	0
176	176	0
184	184	0
181	181	0
165	165	0
162	162	0
184	184	0
184	184	0
173	173	0
70	114	0
183	183	0
177	177	0
184	184	0
176	176	0
177	177	0
77	107	0
175	175	0
180	180	0
22	162	0
173	173	0
170	170	0
173	173	0
182	182	0
179	179	0
72	112	0
184	184	0
183	183	0
124	124	0
183	183	0
135	135	0
77	77	0
16	168	0
180	180	0
183	183	0
182	182	0
160	160	0
171	171	0
184	184	0
174	174	0
96	96	0
174	174	0
66	118	0
52	132	0
184	184	0
167	167	0
181	181	0
151	151	0
182	182	0
183	183	0
63	63	0
161	161	0
183	183	0
180	180	0
170	170	0
178	178	0
183	183	0
10	174	0
184	184	0
161	161	0
184	184	0
176	176	0
182	182	0
184	184	0
163	163	0
178	178	0
173	173	0
184	184	0
171	171	0
179	179	0
175	175	0
173	173	0
180	180	0
167	167	0
178	178	0
183	183	0
158	158	0
183	183	0
146	146	0
47	137	0
184	184	0
184	184	0
182	182	0
184	184	0
180	180	0
79	105	0
175	175	0
184	184	0
174	174	0
31	153	0
181	181	0
176	176	0
184	184	0
180	180	0
184	184	0
27	157	0
184	184	0
184	184	0
183	183	0
165	165	0
176	176	0
184	184	0
172	172	0
156	156	0
163	163	0
173	173	0
164	164	0
181	181	0
179	179	0
128	128	0
113	113	0
172	172	0
184	184	0
178	178	0
176	176	0
9	175	0
184	184	0
99	99	0
131	131	0
173	173	0
184	184	0
180	180	0
171	171	0
184	184	0
181	181	0
177	177	0
184	184	0
182	182	0
177	177	0
180	180	0
158	158	0
156	156	0
140	140	0
176	176	0
181	181	0
172	172	0
13	171	0
184	184	0
163	163	0
183	183	0
184	184	0
184	184	0
183	183	0
184	184	0
173	173	0
175	175	0
182	182	0
182	182	0
156	156	0
183	183	0
183	183	0
69	115	0
183	183	0
181	181	0
180	180	0
184	184	0
5	179	0
182	182	0
182	182	0
184	184	0
156	156	0
157	157	0
160	160	0
136	136	0
181	181	0
184	184	0
184	184	0
2	182	0
184	184	0
184	184	0
155	155	0
168	168	0
156	156	0
170	170	0
27	157	0
183	183	0
157	157	0
184	184	0
184	184	0
62	122	0
107	107	0
153	153	0
179	179	0
184	184	0
132	132	0
163	163	0
184	184	0
178	178	0
26	26	0
75	109	0
109	109	0
168	168	0
111	111	0
184	184	0
180	180	0
181	181	0
128	128	0
163	163	0
158	158	0
178	178	0
184	184	0
176	176	0
180	180	0
3	181	0
183	183	0
19	165	0
176	176	0
67	67	0
180	180	0
181	181	0
89	95	0
180	180	0
178	178	0
184	184	0
182	182	0
184	184	0
157	157	0
179	179	0
184	184	0
184	184	0
34	150	0
184	184	0
184	184	0
181	181	0
180	180	0
184	184	0
160	160	0
184	184	0
182	182	0
94	94	0
35	149	0
149	149	0
179	179	0
182	182	0
116	116	0
170	170	0
148	148	0
15	169	0
168	168	0
184	184	0
182	182	0
176	176	0
11	173	0
183	183	0
179	179	0
183	183	0
28	156	0
9	175	0
75	109	0
169	169	0
170	170	0
179	179	0
174	174	0
30	154	0
141	141	0
153	153	0
183	183	0
31	153	0
166	166	0
155	155	0
139	139	0
179	179	0
178	178	0
184	184	0
173	173	0
172	172	0
67	117	0
176	176	0
184	184	0
15	169	0
179	179	0
154	154	0
183	183	0
60	124	0
184	184	0
168	168	0
143	143	0
18	166	0
15	169	0
6	178	0
184	184	0
184	184	0
183	183	0
11	173	0
178	178	0
132	132	0
174	174	0
179	179	0
166	166	0
169	169	0
183	183	0
184	184	0
147	147	0
183	183	0
184	184	0
184	184	0
181	181	0
58	58	0
184	184	0
180	180	0
184	184	0
65	119	0
115	115	0
164	164	0
184	184	0
174	174	0
14	170	0
182	182	0
7	177	0
178	178	0
178	178	0
173	173	0
178	178	0
183	183	0
171	171	0
175	175	0
178	178	0
138	138	0
172	172	0
168	168	0
181	181	0
172	172	0
184	184	0
170	170	0
163	163	0
183	183	0
184	184	0
178	178	0
5	179	0
179	179	0
163	163	0
184	184	0
184	184	0
172	172	0
184	184	0
23	23	0
184	184	0
146	146	0
181	181	0
182	182	0
126	126	0
180	180	0
184	184	0
184	184	0
184	184	0
43	141	0
164	164	0
179	179	0
173	173	0
181	181	0
184	184	0
184	184	0
120	120	0
184	184	0
184	184	0
147	147	0
184	184	0
9	175	0
157	157	0
180	180	0
137	137	0
183	183	0
176	176	0
184	184	0
162	162	0
160	160	0
87	87	0
167	167	0
184	184	0
184	184	0
183	183	0
180	180	0
158	158	0
146	146	0
184	184	0
178	178	0
11	173	0
147	147	0
182	182	0
179	179	0
114	114	0
184	184	0
184	184	0
182	182	0
161	161	0
173	173	0
171	171	0
178	178	0
172	172	0
184	184	0
45	45	0
184	184	0
179	179	0
171	171	0
183	183	0
142	142	0
180	180	0
177	177	0
184	184	0
183	183	0
183	183	0
0	184	1
179	179	0
143	143	0
37	37	0
82	102	0
24	160	0
176	176	0
174	174	0
90	94	0
181	181	0
1	183	0
184	184	0
184	184	0
181	181	0
42	142	0
182	182	0
60	124	0
154	154	0
97	97	0
171	171	0
181	181	0
154	154	0
179	179	0
184	184	0
184	184	0
30	154	0
183	183	0
176	176	0
183	183	0
177	177	0
167	167	0
170	170	0
183	183	0
153	153	0
7	177	0
184	184	0
184	184	0
180	180	0
184	184	0
181	181	0
184	184	0
11	173	0
77	77	0
184	184	0
176	176	0
184	184	0
12	172	0
160	160	0
182	182	0
182	182	0
171	171	0
158	158	0
57	57	0
168	168	0
174	174	0
182	182	0
183	183	0
184	184	0
175	175	0
184	184	0
182	182	0
184	184	0
86	86	0
184	184	0
184	184	0
177	177	0
178	178	0
183	183	0
55	129	0
170	170	0
169	169	0
183	183	0
183	183	0
175	175	0
184	184	0
184	184	0
184	184	0
184	184	0
182	182	0
177	177	0
183	183	0
181	181	0
177	177	0
184	184	0
99	99	0
184	184	0
63	121	0
168	168	0
182	182	0
184	184	0
174	174	0
184	184	0
162	162	0
178	178	0
119	119	0
167	167	0
133	133	0
184	184	0
174	174	0
160	160	0
125	125	0
184	184	0
132	132	0
175	175	0
184	184	0
174	174	0
172	172	0
166	166	0
182	182	0
75	109	0
74	110	0
177	177	0
180	180	0
183	183	0
78	78	0
178	178	0
182	182	0
184	184	0
178	178	0
177	177	0
174	174	0
120	120	0
183	183	0
159	159	0
178	178	0
177	177	0
184	184	0
180	180	0
180	180	0
182	182	0
177	177	0
54	130	0
183	183	0
178	178	0
149	149	0
183	183	0
81	81	0
184	184	0
134	134	0
165	165	0
182	182	0
184	184	0
184	184	0
175	175	0
169	169	0
99	99	0
171	171	0
184	184	0
152	152	0
184	184	0
184	184	0
185	185	0
146	146	0
184	184	0
156	156	0
183	183	0
1	183	0
163	163	0
179	179	0
183	183	0
159	159	0
184	184	0
183	183	0
176	176	0
173	173	0
178	178	0
184	184	0
180	180	0
184	184	0
174	174	0
179	179	0
168	168	0
179	179	0
170	170	0
184	184	0
184	184	0
183	183	0
181	181	0
173	173	0
182	182	0
184	184	0
183	183	0
182	182	0
184	184	0
184	184	0
183	183	0
177	177	0
184	184	0
178	178	0
116	116	0
180	180	0
182	182	0
165	165	0
177	177	0
182	182	0
85	85	0
178	178	0
104	104	0
111	111	0
184	184	0
183	183	0
178	178	0
184	184	0
171	171	0
166	166	0
165	165	0
164	164	0
184	184	0
183	183	0
162	162	0
2	182	0
184	184	0
184	184	0
175	175	0
163	163	0
182	182	0
170	170	0
184	184	0
176	176	0
184	184	0
173	173	0
170	170	0
184	184	0
183	183	0
184	184	0
167	167	0
183	183	0
178	178	0
143	143	0
184	184	0
183	183	0
178	178	0
172	172	0
179	179	0
142	142	0
179	179	0
158	158	0
183	183	0
184	184	0
163	163	0
177	177	0
184	184	0
176	176	0
6	178	0
181	181	0
179	179	0
179	179	0
171	171	0
181	181	0
184	184	0
157	157	0
179	179	0
182	182	0
183	183	0
184	184	0
184	184	0
181	181	0
171	171	0
184	184	0
183	183	0
184	184	0
175	175	0
184	184	0
166	166	0
167	167	0
184	184	0
184	184	0
175	175	0
170	170	0
172	172	0
182	182	0
152	152	0
180	180	0
183	183	0
184	184	0
182	182	0
175	175	0
183	183	0
180	180	0
184	184	0
184	184	0
95	95	0
184	184	0
184	184	0
56	128	0
68	68	0
179	179	0
118	118	0
183	183	0
173	173	0
174	174	0
184	184	0
168	168	0
180	180	0
58	58	0
125	125	0
178	178	0
182	182	0
182	182	0
184	184	0
183	183	0
174	174	0
180	180	0
164	164	0
143	143	0
184	184	0
184	184	0
183	183	0
182	182	0
184	184	0
183	183	0
183	183	0
133	133	0
153	153	0
158	158	0
177	177	0
183	183	0
62	62	0
158	158	0
184	184	0
169	169	0
180	180	0
184	184	0
170	170	0
181	181	0
174	174	0
184	184	0
184	184	0
172	172	0
184	184	0
184	184	0
184	184	0
180	180	0
154	154	0
181	181	0
182	182	0
103	103	0
110	110	0
183	183	0
166	166	0
167	167	0
175	175	0
178	178	0
181	181	0
175	175	0
181	181	0
176	176	0
181	181	0
182	182	0
170	170	0
156	156	0
117	117	0
184	184	0
175	175	0
177	177	0
182	182	0
184	184	0
183	183	0
148	148	0
184	184	0
184	184	0
180	180	0
157	157	0
183	183	0
180	180	0
181	181	0
160	160	0
130	130	0
170	170	0
170	170	0
182	182	0
180	180	0
126	126	0
165	165	0
179	179	0
147	147	0
179	179	0
150	150	0
180	180	0
151	151	0
25	159	0
183	183	0
184	184	0
182	182	0
184	184	0
184	184	0
10	174	0
17	17	0
180	180	0
61	123	0
178	178	0
176	176	0
175	175	0
5	179	0
133	133	0
181	181	0
12	172	0
61	123	0
175	175	0
177	177	0
160	160	0
184	184	0
151	151	0
155	155	0
177	177	0
183	183	0
182	182	0
157	157	0
2	182	0
184	184	0
184	184	0
184	184	0
160	160	0
180	180	0
47	137	0
184	184	0
184	184	0
184	184	0
109	109	0
164	164	0
184	184	0
182	182	0
183	183	0
174	174	0
182	182	0
13	171	0
172	172	0
173	173	0
171	171	0
63	121	0
179	179	0
183	183	0
182	182	0
140	140	0
170	170	0
149	149	0
164	164	0
177	177	0
178	178	0
183	183	0
167	167	0
172	172	0
179	179	0
184	184	0
177	177	0
135	135	0
180	180	0
181	181	0
179	179	0
115	115	0
183	183	0
130	130	0
175	175	0
180	180	0
184	184	0
175	175	0
98	98	0
32	152	0
183	183	0
9	175	0
161	161	0
43	141	0
181	181	0
169	169	0
184	184	0
184	184	0
184	184	0
177	177	0
184	184	0
184	184	0
184	184	0
183	183	0
181	181	0
183	183	0
132	132	0
68	116	0
181	181	0
40	144	0
177	177	0
24	160	0
35	35	0
22	22	0
168	168	0
155	155	0
178	178	0
153	153	0
176	176	0
183	183	0
48	136	0
184	184	0
184	184	0
168	168	0
184	184	0
169	169	0
8	176	0
165	165	0
173	173	0
184	184	0
177	177	0
87	87	0
166	166	0
176	176	0
176	176	0
183	183	0
37	147	0
97	97	0
165	165	0
176	176	0
10	174	0
75	109	0
179	179	0
182	182	0
182	182	0
183	183	0
182	182	0
85	99	0
184	184	0
176	176	0
162	162	0
184	184	0
128	128	0
134	134	0
182	182	0
183	183	0
144	144	0
74	110	0
170	170	0
183	183	0
184	184	0
179	179	0
91	93	0
181	181	0
184	184	0
183	183	0
170	170	0
171	171	0
25	159	0
173	173	0
137	137	0
182	182	0
171	171	0
183	183	0
160	160	0
179	179	0
166	166	0
61	61	0
162	162	0
179	179	0
166	166	0
32	152	0
105	105	0
178	178	0
176	176	0
173	173	0
47	47	0
178	178	0
183	183	0
76	76	0
113	113	0
16	168	0
174	174	0
176	176	0
13	171	0
165	165	0
152	152	0
164	164	0
171	171	0
6	178	0
183	183	0
178	178	0
184	184	0
184	184	0
184	184	0
184	184	0
156	156	0
183	183	0
179	179	0
178	178	0
53	53	0
169	169	0
180	180	0
119	119	0
178	178	0
184	184	0
48	136	0
183	183	0
182	182	0
181	181	0
183	183	0
68	68	0
184	184	0
2	182	0
184	184	0
183	183	0
181	181	0
183	183	0
183	183	0
24	160	0
173	173	0
61	123	0
183	183	0
179	179	0
184	184	0
181	181	0
182	182	0
176	176	0
179	179	0
178	178	0
184	184	0
184	184	0
161	161	0
180	180	0
176	176	0
115	115	0
184	184	0
134	134	0
166	166	0
184	184	0
143	143	0
182	182	0
177	177	0
59	125	0
183	183	0
172	172	0
184	184	0
182	182	0
164	164	0
146	146	0
183	183	0
175	175	0
183	183	0
175	175	0
184	184	0
184	184	0
177	177	0
181	181	0
180	180	0
121	121	0
180	180	0
28	156	0
184	184	0
144	144	0
184	184	0
181	181	0
184	184	0
179	179	0
184	184	0
58	126	0
182	182	0
168	168	0
143	143	0
167	167	0
90	94	0
184	184	0
184	184	0
127	127	0
132	132	0
183	183	0
174	174	0
184	184	0
184	184	0
171	171	0
182	182	0
180	180	0
138	138	0
173	173	0
172	172	0
184	184	0
113	113	0
146	146	0
184	184	0
177	177	0
173	173	0
184	184	0
163	163	0
184	184	0
110	110	0
183	183	0
39	145	0
184	184	0
181	181	0
37	147	0
9	175	0
184	184	0
148	148	0
80	104	0
157	157	0
181	181	0
181	181	0
184	184	0
174	174	0
182	182	0
184	184	0
168	168	0
121	121	0
162	162	0
69	115	0
183	183	0
182	182	0
184	184	0
183	183	0
171	171	0
183	183	0
182	182	0
154	154	0
182	182	0
182	182	0
184	184	0
178	178	0
2	182	0
184	184	0
0	184	1
175	175	0
33	151	0
165	165	0
95	95	0
178	178	0
165	165	0
164	164	0
175	175	0
172	172	0
183	183	0
184	184	0
100	100	0
184	184	0
179	179	0
170	170	0
172	172	0
184	184	0
180	180	0
63	63	0
182	182	0
92	92	0
183	183	0
182	182	0
184	184	0
180	180	0
69	115	0
182	182	0
183	183	0
184	184	0
128	128	0
184	184	0
184	184	0
55	55	0
59	125	0
182	182	0
126	126	0
180	180	0
5	179	0
173	173	0
181	181	0
182	182	0
177	177	0
154	154	0
145	145	0
179	179	0
184	184	0
182	182	0
79	79	0
173	173	0
67	67	0
183	183	0
184	184	0
181	181	0
180	180	0
141	141	0
179	179	0
75	109	0
180	180	0
184	184	0
184	184	0
184	184	0
164	164	0
184	184	0
30	30	0
178	178	0
182	182	0
184	184	0
181	181	0
170	170	0
176	176	0
176	176	0
87	97	0
79	105	0
178	178	0
129	129	0
132	132	0
183	183	0
184	184	0
10	174	0
154	154	0
138	138	0
183	183	0
184	184	0
184	184	0
179	179	0
165	165	0
184	184	0
181	181	0
179	179	0
178	178	0
159	159	0
99	99	0
181	181	0
178	178	0
183	183	0
167	167	0
157	157	0
184	184	0
180	180	0
184	184	0
138	138	0
184	184	0
8	176	0
181	181	0
130	130	0
184	184	0
170	170	0
181	181	0
150	150	0
182	182	0
184	184	0
180	180	0
183	183	0
184	184	0
184	184	0
86	98	0
176	176	0
101	101	0
166	166	0
174	174	0
184	184	0
21	163	0
184	184	0
184	184	0
172	172	0
182	182	0
184	184	0
176	176	0
184	184	0
178	178	0
183	183	0
182	182	0
157	157	0
172	172	0
150	150	0
179	179	0
123	123	0
138	138	0
185	185	0
184	184	0
13	171	0
180	180	0
145	145	0
142	142	0
72	112	0
165	165	0
176	176	0
183	183	0
183	183	0
174	174	0
148	148	0
171	171	0
181	181	0
184	184	0
184	184	0
183	183	0
184	184	0
134	134	0
22	162	0
184	184	0
169	169	0
15	169	0
74	110	0
184	184	0
183	183	0
184	184	0
181	181	0
184	184	0
184	184	0
184	184	0
184	184	0
51	133	0
184	184	0
174	174	0
180	180	0
31	153	0
27	157	0
182	182	0
156	156	0
9	175	0
184	184	0
172	172	0
176	176	0
177	177	0
178	178	0
63	121	0
181	181	0
28	156	0
184	184	0
157	157	0
127	127	0
55	129	0
167	167	0
184	184	0
184	184	0
180	180	0
182	182	0
184	184	0
180	180	0
181	181	0
176	176	0
184	184	0
178	178	0
183	183	0
183	183	0
172	172	0
184	184	0
171	171	0
183	183	0
184	184	0
176	176	0
49	135	0
178	178	0
182	182	0
103	103	0
171	171	0
18	166	0
179	179	0
155	155	0
174	174	0
7	177	0
159	159	0
168	168	0
124	124	0
177	177	0
142	142	0
163	163	0
183	183	0
180	180	0
184	184	0
177	177	0
182	182	0
168	168	0
177	177	0
184	184	0
175	175	0
184	184	0
182	182	0
183	183	0
171	171	0
182	182	0
184	184	0
184	184	0
184	184	0
180	180	0
24	160	0
181	181	0
185	185	0
168	168	0
182	182	0
170	170	0
184	184	0
184	184	0
184	184	0
182	182	0
170	170	0
172	172	0
70	114	0
109	109	0
181	181	0
155	155	0
183	183	0
33	151	0
68	68	0
184	184	0
184	184	0
184	184	0
170	170	0
175	175	0
184	184	0
158	158	0
183	183	0
175	175	0
147	147	0
183	183	0
164	164	0
183	183	0
61	61	0
180	180	0
170	170	0
179	179	0
160	160	0
183	183	0
54	130	0
184	184	0
178	178	0
170	170	0
178	178	0
14	170	0
177	177	0
178	178	0
162	162	0
176	176	0
163	163	0
172	172	0
183	183	0
184	184	0
178	178	0
183	183	0
3	181	0
184	184	0
183	183	0
175	175	0
183	183	0
175	175	0
165	165	0
184	184	0
181	181	0
174	174	0
182	182	0
66	118	0
177	177	0
169	169	0
163	163	0
165	165	0
6	178	0
174	174	0
182	182	0
184	184	0
176	176	0
184	184	0
157	157	0
182	182	0
172	172	0
163	163	0
183	183	0
177	177	0
165	165	0
184	184	0
183	183	0
184	184	0
165	165	0
63	63	0
181	181	0
175	175	0
173	173	0
143	143	0
182	182	0
0	184	1
178	178	0
181	181	0
174	174	0
16	168	0
184	184	0
176	176	0
64	64	0
176	176	0
171	171	0
184	184	0
155	155	0
184	184	0
184	184	0
184	184	0
181	181	0
60	124	0
168	168	0
174	174	0
179	179	0
16	168	0
0	184	1
182	182	0
184	184	0
179	179	0
98	98	0
146	146	0
179	179	0
18	166	0
184	184	0
184	184	0
184	184	0
18	166	0
165	165	0
181	181	0
6	178	0
123	123	0
159	159	0
164	164	0
152	152	0
176	176	0
68	116	0
168	168	0
180	180	0
181	181	0
184	184	0
159	159	0
40	144	0
184	184	0
64	120	0
177	177	0
184	184	0
183	183	0
14	170	0
181	181	0
179	179	0
179	179	0
163	163	0
182	182	0
176	176	0
182	182	0
183	183	0
166	166	0
182	182	0
91	93	0
176	176	0
163	163	0
162	162	0
53	131	0
37	147	0
160	160	0
151	151	0
184	184	0
182	182	0
159	159	0
154	154	0
183	183	0
178	178	0
15	169	0
7	177	0
182	182	0
175	175	0
184	184	0
184	184	0
177	177	0
146	146	0
172	172	0
181	181	0
22	162	0
42	42	0
172	172	0
15	169	0
145	145	0
137	137	0
173	173	0
181	181	0
181	181	0
127	127	0
183	183	0
180	180	0
182	182	0
184	184	0
185	185	0
177	177	0
23	161	0
175	175	0
67	117	0
38	38	0
181	181	0
176	176	0
153	153	0
184	184	0
184	184	0
76	108	0
179	179	0
184	184	0
28	156	0
171	171	0
162	162	0
167	167	0
174	174	0
183	183	0
184	184	0
180	180	0
178	178	0
155	155	0
183	183	0
181	181	0
174	174	0
154	154	0
175	175	0
169	169	0
155	155	0
166	166	0
31	153	0
184	184	0
13	13	0
171	171	0
113	113	0
184	184	0
179	179	0
167	167	0
176	176	0
155	155	0
184	184	0
182	182	0
19	165	0
184	184	0
54	130	0
183	183	0
169	169	0
176	176	0
45	45	0
56	128	0
184	184	0
174	174	0
134	134	0
19	165	0
52	132	0
152	152	0
171	171	0
183	183	0
184	184	0
183	183	0
52	132	0
45	139	0
21	163	0
184	184	0
178	178	0
30	154	0
183	183	0
36	148	0
95	95	0
172	172	0
184	184	0
143	143	0
179	179	0
180	180	0
150	150	0
106	106	0
162	162	0
178	178	0
87	97	0
83	83	0
63	121	0
3	181	0
181	181	0
36	148	0
168	168	0
182	182	0
183	183	0
183	183	0
183	183	0
184	184	0
174	174	0
170	170	0
181	181	0
184	184	0
13	171	0
43	141	0
153	153	0
184	184	0
173	173	0
33	151	0
184	184	0
184	184	0
184	184	0
106	106	0
15	169	0
180	180	0
184	184	0
166	166	0
180	180	0
184	184	0
182	182	0
180	180	0
184	184	0
182	182	0
174	174	0
138	138	0
182	182	0
184	184	0
184	184	0
185	185	0
182	182	0
177	177	0
170	170	0
172	172	0
183	183	0
157	157	0
174	174	0
20	164	0
0	184	1
145	145	0
182	182	0
182	182	0
182	182	0
180	180	0
182	182	0
175	175	0
183	183	0
178	178	0
183	183	0
184	184	0
176	176	0
181	181	0
119	119	0
176	176	0
169	169	0
184	184	0
184	184	0
145	145	0
7	177	0
183	183	0
5	179	0
85	99	0
183	183	0
8	176	0
180	180	0
183	183	0
84	84	0
182	182	0
4	180	0
171	171	0
154	154	0
25	159	0
146	146	0
166	166	0
184	184	0
180	180	0
12	172	0
182	182	0
139	139	0
167	167	0
167	167	0
180	180	0
183	183	0
33	151	0
184	184	0
52	132	0
180	180	0
184	184	0
175	175	0
184	184	0
184	184	0
182	182	0
184	184	0
151	151	0
103	103	0
50	50	0
64	120	0
171	171	0
64	120	0
184	184	0
50	134	0
184	184	0
182	182	0
184	184	0
31	153	0
173	173	0
28	156	0
178	178	0
5	179	0
152	152	0
176	176	0
176	176	0
172	172	0
77	107	0
182	182	0
148	148	0
141	141	0
184	184	0
117	117	0
46	138	0
183	183	0
90	94	0
181	181	0
175	175	0
182	182	0
184	184	0
4	180	0
163	163	0
183	183	0
82	82	0
61	123	0
182	182	0
183	183	0
167	167	0
152	152	0
176	176	0
175	175	0
25	159	0
177	177	0
166	166	0
67	67	0
180	180	0
8	176	0
184	184	0
123	123	0
183	183	0
180	180	0
184	184	0
184	184	0
181	181	0
178	178	0
174	174	0
184	184	0
177	177	0
61	123	0
0	184	1
179	179	0
176	176	0
182	182	0
178	178	0
158	158	0
181	181	0
11	173	0
167	167	0
172	172	0
0	184	1
183	183	0
182	182	0
176	176	0
63	121	0
182	182	0
24	160	0
43	141	0
65	65	0
171	171	0
182	182	0
184	184	0
184	184	0
184	184	0
182	182	0
177	177	0
86	98	0
180	180	0
178	178	0
184	184	0
184	184	0
173	173	0
184	184	0
176	176	0
164	164	0
184	184	0
54	130	0
181	181	0
184	184	0
181	181	0
173	173	0
13	171	0
179	179	0
41	143	0
184	184	0
184	184	0
184	184	0
183	183	0
175	175	0
184	184	0
181	181	0
184	184	0
164	164	0
184	184	0
184	184	0
135	135	0
184	184	0
181	181	0
184	184	0
6	178	0
85	99	0
183	183	0
23	23	0
163	163	0
151	151	0
12	172	0
183	183	0
154	154	0
176	176	0
73	111	0
121	121	0
168	168	0
62	122	0
51	133	0
167	167	0
3	181	0
8	176	0
184	184	0
43	141	0
172	172	0
183	183	0
44	140	0
182	182	0
184	184	0
160	160	0
158	158	0
184	184	0
184	184	0
3	181	0
139	139	0
180	180	0
180	180	0
124	124	0
13	171	0
183	183	0
65	119	0
183	183	0
4	180	0
161	161	0
177	177	0
181	181	0
173	173	0
182	182	0
76	108	0
184	184	0
176	176	0
183	183	0
73	111	0
183	183	0
182	182	0
176	176	0
156	156	0
183	183	0
44	140	0
176	176	0
131	131	0
177	177	0
171	171	0
31	153	0
184	184	0
174	174	0
180	180	0
15	169	0
179	179	0
172	172	0
183	183	0
183	183	0
184	184	0
138	138	0
184	184	0
184	184	0
35	149	0
34	150	0
136	136	0
177	177	0
151	151	0
133	133	0
156	156	0
150	150	0
184	184	0
3	181	0
87	97	0
184	184	0
182	182	0
180	180	0
163	163	0
154	154	0
183	183	0
29	155	0
165	165	0
163	163	0
157	157	0
183	183	0
183	183	0
183	183	0
182	182	0
31	153	0
171	171	0
11	173	0
184	184	0
177	177	0
183	183	0
1	183	0
83	83	0
90	90	0
58	126	0
184	184	0
180	180	0
180	180	0
74	110	0
124	124	0
183	183	0
175	175	0
182	182	0
164	164	0
183	183	0
157	157	0
172	172	0
182	182	0
154	154	0
177	177	0
183	183	0
182	182	0
184	184	0
180	180	0
184	184	0
27	157	0
184	184	0
181	181	0
105	105	0
90	94	0
183	183	0
3	181	0
25	159	0
177	177	0
184	184	0
184	184	0
183	183	0
176	176	0
151	151	0
155	155	0
174	174	0
182	182	0
175	175	0
183	183	0
184	184	0
182	182	0
181	181	0
171	171	0
12	12	0
181	181	0
184	184	0
177	177	0
171	171	0
176	176	0
178	178	0
184	184	0
183	183	0
98	98	0
170	170	0
175	175	0
172	172	0
7	177	0
47	47	0
184	184	0
21	163	0
176	176	0
184	184	0
175	175	0
178	178	0
11	173	0
178	178	0
135	135	0
184	184	0
174	174	0
22	162	0
180	180	0
182	182	0
22	162	0
184	184	0
78	106	0
180	180	0
160	160	0
181	181	0
176	176	0
184	184	0
169	169	0
172	172	0
181	181	0
183	183	0
161	161	0
14	170	0
45	139	0
182	182	0
181	181	0
46	138	0
144	144	0
184	184	0
24	160	0
184	184	0
168	168	0
132	132	0
176	176	0
114	114	0
178	178	0
67	117	0
181	181	0
184	184	0
40	144	0
176	176	0
154	154	0
135	135	0
133	133	0
152	152	0
184	184	0
175	175	0
26	158	0
48	136	0
173	173	0
184	184	0
174	174	0
184	184	0
184	184	0
184	184	0
86	98	0
0	184	1
183	183	0
182	182	0
184	184	0
43	141	0
138	138	0
32	152	0
178	178	0
104	104	0
184	184	0
183	183	0
184	184	0
184	184	0
185	185	0
174	174	0
185	185	0
181	181	0
183	183	0
184	184	0
174	174	0
163	163	0
150	150	0
172	172	0
58	126	0
165	165	0
182	182	0
176	176	0
184	184	0
183	183	0
84	100	0
167	167	0
153	153	0
183	183	0
184	184	0
184	184	0
173	173	0
174	174	0
183	183	0
74	110	0
183	183	0
181	181	0
55	129	0
184	184	0
180	180	0
181	181	0
184	184	0
177	177	0
174	174	0
160	160	0
183	183	0
167	167	0
184	184	0
171	171	0
117	117	0
184	184	0
184	184	0
168	168	0
10	174	0
70	114	0
173	173	0
19	165	0
172	172	0
179	179	0
178	178	0
184	184	0
152	152	0
156	156	0
182	182	0
165	165	0
153	153	0
73	111	0
4	180	0
183	183	0
181	181	0
173	173	0
184	184	0
181	181	0
163	163	0
184	184	0
5	179	0
164	164	0
184	184	0
182	182	0
180	180	0
43	141	0
15	169	0
169	169	0
182	182	0
183	183	0
42	42	0
121	121	0
182	182	0
82	82	0
