rare_allele_shared_with	common_allele_shared_with	unique
11	171	0
163	163	0
167	167	0
109	109	0
176	176	0
181	181	0
182	182	0
36	146	0
180	180	0
135	135	0
39	143	0
137	137	0
177	177	0
172	172	0
178	178	0
172	172	0
182	182	0
182	182	0
171	171	0
180	180	0
168	168	0
181	181	0
177	177	0
135	135	0
180	180	0
178	178	0
175	175	0
179	179	0
178	178	0
143	143	0
163	163	0
180	180	0
13	169	0
24	158	0
174	174	0
112	112	0
159	159	0
43	139	0
179	179	0
67	67	0
144	144	0
173	173	0
86	96	0
175	175	0
181	181	0
178	178	0
178	178	0
179	179	0
183	183	0
180	180	0
181	181	0
138	138	0
157	157	0
167	167	0
66	116	0
164	164	0
181	181	0
135	135	0
129	129	0
162	162	0
182	182	0
180	180	0
156	156	0
181	181	0
176	176	0
33	149	0
163	163	0
175	175	0
168	168	0
167	167	0
182	182	0
180	180	0
181	181	0
179	179	0
174	174	0
181	181	0
39	143	0
180	180	0
182	182	0
153	153	0
177	177	0
179	179	0
175	175	0
171	171	0
182	182	0
178	178	0
173	173	0
182	182	0
182	182	0
179	179	0
169	169	0
182	182	0
56	126	0
182	182	0
36	146	0
38	38	0
182	182	0
181	181	0
137	137	0
180	180	0
180	180	0
171	171	0
175	175	0
177	177	0
86	96	0
171	171	0
181	181	0
170	170	0
182	182	0
181	181	0
156	156	0
182	182	0
119	119	0
160	160	0
173	173	0
170	170	0
174	174	0
154	154	0
146	146	0
142	142	0
145	145	0
46	136	0
132	132	0
171	171	0
126	126	0
135	135	0
182	182	0
179	179	0
175	175	0
181	181	0
148	148	0
144	144	0
182	182	0
170	170	0
177	177	0
182	182	0
181	181	0
177	177	0
182	182	0
66	116	0
173	173	0
172	172	0
177	177	0
121	121	0
81	81	0
174	174	0
167	167	0
18	164	0
180	180	0
61	61	0
179	179	0
146	146	0
168	168	0
183	183	0
176	176	0
114	114	0
128	128	0
182	182	0
180	180	0
19	163	0
168	168	0
180	180	0
80	102	0
179	179	0
182	182	0
154	154	0
86	86	0
174	174	0
60	122	0
165	165	0
171	171	0
100	100	0
182	182	0
175	175	0
182	182	0
141	141	0
37	145	0
175	175	0
183	183	0
151	151	0
182	182	0
182	182	0
8	174	0
161	161	0
180	180	0
169	169	0
181	181	0
140	140	0
101	101	0
27	155	0
177	177	0
181	181	0
75	107	0
76	76	0
180	180	0
181	181	0
181	181	0
170	170	0
179	179	0
171	171	0
93	93	0
58	124	0
127	127	0
145	145	0
182	182	0
166	166	0
182	182	0
182	182	0
171	171	0
138	138	0
159	159	0
116	116	0
39	143	0
176	176	0
180	180	0
182	182	0
182	182	0
182	182	0
38	144	0
182	182	0
178	178	0
182	182	0
170	170	0
60	60	0
180	180	0
179	179	0
154	154	0
77	77	0
174	174	0
182	182	0
182	182	0
179	179	0
178	178	0
182	182	0
182	182	0
182	182	0
182	182	0
182	182	0
168	168	0
182	182	0
182	182	0
174	174	0
181	181	0
176	176	0
161	161	0
182	182	0
176	176	0
8	174	0
182	182	0
177	177	0
179	179	0
19	19	0
159	159	0
178	178	0
181	181	0
182	182	0
138	138	0
169	169	0
182	182	0
182	182	0
170	170	0
182	182	0
176	176	0
24	158	0
63	119	0
50	132	0
150	150	0
182	182	0
175	175	0
171	171	0
6	176	0
53	129	0
181	181	0
19	163	0
170	170	0
170	170	0
182	182	0
182	182	0
180	180	0
169	169	0
181	181	0
182	182	0
182	182	0
174	174	0
171	171	0
182	182	0
173	173	0
182	182	0
182	182	0
176	176	0
171	171	0
162	162	0
162	162	0
57	125	0
182	182	0
181	181	0
169	169	0
182	182	0
182	182	0
176	176	0
167	167	0
181	181	0
172	172	0
13	169	0
182	182	0
167	167	0
67	115	0
156	156	0
174	174	0
175	175	0
173	173	0
173	173	0
176	176	0
166	166	0
182	182	0
179	179	0
182	182	0
169	169	0
182	182	0
182	182	0
182	182	0
182	182	0
182	182	0
162	162	0
48	134	0
172	172	0
182	182	0
181	181	0
178	178	0
25	157	0
172	172	0
181	181	0
181	181	0
165	165	0
177	177	0
179	179	0
150	150	0
182	182	0
164	164	0
178	178	0
180	180	0
72	110	0
159	159	0
178	178	0
177	177	0
33	149	0
24	158	0
178	178	0
175	175	0
182	182	0
53	129	0
175	175	0
180	180	0
179	179	0
177	177	0
180	180	0
178	178	0
21	161	0
179	179	0
162	162	0
180	180	0
182	182	0
181	181	0
32	150	0
176	176	0
158	158	0
181	181	0
177	177	0
176	176	0
182	182	0
168	168	0
182	182	0
182	182	0
181	181	0
155	155	0
182	182	0
175	175	0
180	180	0
20	162	0
180	180	0
168	168	0
133	133	0
181	181	0
167	167	0
181	181	0
165	165	0
182	182	0
175	175	0
182	182	0
87	95	0
175	175	0
182	182	0
62	62	0
181	181	0
182	182	0
182	182	0
180	180	0
145	145	0
179	179	0
125	125	0
50	132	0
181	181	0
182	182	0
176	176	0
181	181	0
174	174	0
80	102	0
180	180	0
163	163	0
178	178	0
178	178	0
170	170	0
182	182	0
170	170	0
43	139	0
175	175	0
182	182	0
181	181	0
58	124	0
179	179	0
180	180	0
110	110	0
7	175	0
179	179	0
172	172	0
176	176	0
182	182	0
162	162	0
175	175	0
182	182	0
73	109	0
180	180	0
171	171	0
182	182	0
182	182	0
182	182	0
18	164	0
182	182	0
12	170	0
65	117	0
154	154	0
146	146	0
161	161	0
177	177	0
150	150	0
181	181	0
135	135	0
181	181	0
169	169	0
181	181	0
182	182	0
178	178	0
182	182	0
170	170	0
170	170	0
182	182	0
80	80	0
180	180	0
161	161	0
158	158	0
182	182	0
127	127	0
180	180	0
147	147	0
182	182	0
170	170	0
180	180	0
158	158	0
179	179	0
181	181	0
176	176	0
176	176	0
160	160	0
182	182	0
180	180	0
181	181	0
182	182	0
180	180	0
180	180	0
182	182	0
88	88	0
181	181	0
176	176	0
63	119	0
170	170	0
181	181	0
182	182	0
182	182	0
150	150	0
181	181	0
173	173	0
85	97	0
118	118	0
182	182	0
182	182	0
41	141	0
176	176	0
172	172	0
147	147	0
179	179	0
162	162	0
159	159	0
162	162	0
160	160	0
143	143	0
174	174	0
164	164	0
162	162	0
182	182	0
182	182	0
181	181	0
182	182	0
24	158	0
177	177	0
181	181	0
149	149	0
178	178	0
171	171	0
182	182	0
163	163	0
15	167	0
70	112	0
158	158	0
176	176	0
181	181	0
181	181	0
113	113	0
130	130	0
172	172	0
13	169	0
7	175	0
168	168	0
158	158	0
119	119	0
182	182	0
182	182	0
173	173	0
168	168	0
175	175	0
176	176	0
182	182	0
182	182	0
172	172	0
164	164	0
130	130	0
160	160	0
88	94	0
16	166	0
182	182	0
181	181	0
182	182	0
173	173	0
102	102	0
182	182	0
177	177	0
177	177	0
166	166	0
176	176	0
178	178	0
179	179	0
78	78	0
182	182	0
177	177	0
179	179	0
182	182	0
176	176	0
177	177	0
180	180	0
175	175	0
146	146	0
182	182	0
40	142	0
166	166	0
48	134	0
181	181	0
182	182	0
64	64	0
182	182	0
182	182	0
181	181	0
178	178	0
182	182	0
52	130	0
182	182	0
16	166	0
177	177	0
182	182	0
178	178	0
138	138	0
166	166	0
4	178	0
10	172	0
179	179	0
180	180	0
182	182	0
8	174	0
178	178	0
182	182	0
151	151	0
178	178	0
172	172	0
182	182	0
3	179	0
175	175	0
150	150	0
181	181	0
181	181	0
171	171	0
175	175	0
182	182	0
170	170	0
34	148	0
182	182	0
124	124	0
181	181	0
170	170	0
181	181	0
165	165	0
1	181	0
107	107	0
182	182	0
163	163	0
180	180	0
166	166	0
180	180	0
182	182	0
182	182	0
182	182	0
181	181	0
182	182	0
165	165	0
181	181	0
174	174	0
179	179	0
62	120	0
181	181	0
175	175	0
180	180	0
182	182	0
182	182	0
172	172	0
138	138	0
75	107	0
170	170	0
181	181	0
178	178	0
181	181	0
171	171	0
182	182	0
173	173	0
182	182	0
182	182	0
49	133	0
182	182	0
119	119	0
169	169	0
49	49	0
182	182	0
151	151	0
160	160	0
176	176	0
178	178	0
8	174	0
176	176	0
160	160	0
177	177	0
176	176	0
182	182	0
181	181	0
41	141	0
156	156	0
178	178	0
163	163	0
182	182	0
167	167	0
182	182	0
180	180	0
165	165	0
182	182	0
55	127	0
43	139	0
182	182	0
164	164	0
18	164	0
180	180	0
161	161	0
179	179	0
139	139	0
181	181	0
173	173	0
181	181	0
146	146	0
181	181	0
100	100	0
182	182	0
182	182	0
181	181	0
170	170	0
182	182	0
179	179	0
182	182	0
179	179	0
182	182	0
172	172	0
169	169	0
182	182	0
180	180	0
168	168	0
141	141	0
179	179	0
181	181	0
181	181	0
174	174	0
37	37	0
57	125	0
179	179	0
181	181	0
178	178	0
158	158	0
175	175	0
176	176	0
177	177	0
181	181	0
157	157	0
149	149	0
40	142	0
179	179	0
181	181	0
29	29	0
181	181	0
182	182	0
176	176	0
178	178	0
179	179	0
182	182	0
175	175	0
180	180	0
79	103	0
167	167	0
80	102	0
177	177	0
178	178	0
182	182	0
182	182	0
182	182	0
182	182	0
179	179	0
182	182	0
181	181	0
174	174	0
155	155	0
30	152	0
176	176	0
177	177	0
155	155	0
182	182	0
173	173	0
181	181	0
177	177	0
182	182	0
63	119	0
182	182	0
181	181	0
181	181	0
90	92	0
182	182	0
168	168	0
112	112	0
181	181	0
25	157	0
63	63	0
175	175	0
183	183	0
34	148	0
182	182	0
175	175	0
182	182	0
181	181	0
174	174	0
181	181	0
26	156	0
179	179	0
182	182	0
182	182	0
171	171	0
182	182	0
180	180	0
143	143	0
171	171	0
180	180	0
175	175	0
169	169	0
175	175	0
182	182	0
156	156	0
182	182	0
15	167	0
180	180	0
179	179	0
171	171	0
181	181	0
176	176	0
181	181	0
181	181	0
181	181	0
182	182	0
182	182	0
180	180	0
178	178	0
182	182	0
17	165	0
20	162	0
181	181	0
182	182	0
180	180	0
168	168	0
182	182	0
79	103	0
154	154	0
180	180	0
178	178	0
164	164	0
13	169	0
182	182	0
182	182	0
180	180	0
175	175	0
179	179	0
81	101	0
129	129	0
8	174	0
178	178	0
179	179	0
179	179	0
167	167	0
61	121	0
173	173	0
177	177	0
182	182	0
179	179	0
177	177	0
175	175	0
182	182	0
134	134	0
158	158	0
182	182	0
179	179	0
181	181	0
66	116	0
72	110	0
95	95	0
174	174	0
182	182	0
4	178	0
9	173	0
112	112	0
107	107	0
182	182	0
177	177	0
172	172	0
177	177	0
182	182	0
182	182	0
154	154	0
183	183	0
181	181	0
52	130	0
164	164	0
178	178	0
175	175	0
163	163	0
181	181	0
84	98	0
181	181	0
179	179	0
62	120	0
161	161	0
64	118	0
181	181	0
175	175	0
63	119	0
167	167	0
182	182	0
52	130	0
178	178	0
173	173	0
182	182	0
39	39	0
182	182	0
182	182	0
162	162	0
181	181	0
10	172	0
178	178	0
164	164	0
160	160	0
171	171	0
169	169	0
167	167	0
181	181	0
174	174	0
125	125	0
169	169	0
166	166	0
174	174	0
181	181	0
178	178	0
120	120	0
174	174	0
169	169	0
178	178	0
176	176	0
178	178	0
170	170	0
180	180	0
179	179	0
182	182	0
62	120	0
175	175	0
126	126	0
170	170	0
178	178	0
173	173	0
39	39	0
181	181	0
169	169	0
33	149	0
182	182	0
68	114	0
72	110	0
179	179	0
181	181	0
169	169	0
46	136	0
179	179	0
150	150	0
92	92	0
182	182	0
179	179	0
182	182	0
161	161	0
106	106	0
151	151	0
166	166	0
163	163	0
175	175	0
179	179	0
136	136	0
59	123	0
3	179	0
161	161	0
172	172	0
173	173	0
96	96	0
76	106	0
151	151	0
176	176	0
178	178	0
182	182	0
182	182	0
180	180	0
182	182	0
157	157	0
181	181	0
172	172	0
182	182	0
172	172	0
183	183	0
141	141	0
175	175	0
180	180	0
180	180	0
181	181	0
183	183	0
155	155	0
174	174	0
174	174	0
181	181	0
181	181	0
87	95	0
182	182	0
181	181	0
129	129	0
38	144	0
11	171	0
179	179	0
163	163	0
182	182	0
51	131	0
182	182	0
170	170	0
160	160	0
179	179	0
176	176	0
164	164	0
177	177	0
178	178	0
168	168	0
140	140	0
182	182	0
163	163	0
182	182	0
182	182	0
182	182	0
174	174	0
182	182	0
5	177	0
180	180	0
82	100	0
182	182	0
141	141	0
164	164	0
182	182	0
179	179	0
182	182	0
181	181	0
174	174	0
169	169	0
165	165	0
182	182	0
172	172	0
50	50	0
180	180	0
176	176	0
179	179	0
180	180	0
182	182	0
180	180	0
172	172	0
178	178	0
182	182	0
171	171	0
154	154	0
179	179	0
17	165	0
180	180	0
182	182	0
163	163	0
179	179	0
175	175	0
182	182	0
167	167	0
18	164	0
134	134	0
182	182	0
168	168	0
114	114	0
170	170	0
182	182	0
174	174	0
178	178	0
182	182	0
182	182	0
10	172	0
182	182	0
177	177	0
182	182	0
176	176	0
181	181	0
182	182	0
182	182	0
179	179	0
181	181	0
182	182	0
155	155	0
43	43	0
181	181	0
144	144	0
179	179	0
169	169	0
174	174	0
182	182	0
181	181	0
181	181	0
180	180	0
171	171	0
180	180	0
182	182	0
182	182	0
180	180	0
176	176	0
140	140	0
182	182	0
182	182	0
174	174	0
180	180	0
153	153	0
179	179	0
87	87	0
181	181	0
31	151	0
182	182	0
129	129	0
182	182	0
182	182	0
175	175	0
179	179	0
182	182	0
182	182	0
182	182	0
183	183	0
182	182	0
174	174	0
181	181	0
107	107	0
179	179	0
182	182	0
174	174	0
182	182	0
182	182	0
182	182	0
170	170	0
181	181	0
179	179	0
182	182	0
179	179	0
176	176	0
169	169	0
153	153	0
182	182	0
159	159	0
183	183	0
182	182	0
165	165	0
148	148	0
172	172	0
55	127	0
182	182	0
171	171	0
88	94	0
181	181	0
177	177	0
162	162	0
182	182	0
180	180	0
182	182	0
151	151	0
174	174	0
182	182	0
180	180	0
181	181	0
166	166	0
177	177	0
171	171	0
171	171	0
56	126	0
44	138	0
166	166	0
182	182	0
60	60	0
181	181	0
182	182	0
182	182	0
169	169	0
182	182	0
182	182	0
180	180	0
181	181	0
181	181	0
177	177	0
103	103	0
181	181	0
182	182	0
174	174	0
175	175	0
164	164	0
174	174	0
182	182	0
16	166	0
182	182	0
180	180	0
171	171	0
177	177	0
182	182	0
165	165	0
179	179	0
182	182	0
181	181	0
182	182	0
177	177	0
181	181	0
182	182	0
182	182	0
180	180	0
170	170	0
182	182	0
175	175	0
180	180	0
182	182	0
181	181	0
182	182	0
182	182	0
161	161	0
182	182	0
178	178	0
181	181	0
181	181	0
138	138	0
20	162	0
182	182	0
174	174	0
182	182	0
183	183	0
160	160	0
21	161	0
134	134	0
159	159	0
182	182	0
179	179	0
171	171	0
182	182	0
29	153	0
118	118	0
81	81	0
175	175	0
170	170	0
172	172	0
180	180	0
179	179	0
163	163	0
175	175	0
164	164	0
181	181	0
180	180	0
175	175	0
15	167	0
179	179	0
17	17	0
180	180	0
182	182	0
180	180	0
182	182	0
178	178	0
182	182	0
171	171	0
181	181	0
177	177	0
182	182	0
182	182	0
131	131	0
180	180	0
177	177	0
178	178	0
182	182	0
173	173	0
180	180	0
179	179	0
178	178	0
145	145	0
182	182	0
28	154	0
139	139	0
123	123	0
182	182	0
5	177	0
173	173	0
180	180	0
182	182	0
164	164	0
179	179	0
47	135	0
178	178	0
3	179	0
176	176	0
32	150	0
177	177	0
182	182	0
178	178	0
181	181	0
80	102	0
182	182	0
178	178	0
172	172	0
170	170	0
170	170	0
180	180	0
150	150	0
178	178	0
181	181	0
182	182	0
172	172	0
69	113	0
136	136	0
180	180	0
143	143	0
123	123	0
175	175	0
75	75	0
171	171	0
133	133	0
182	182	0
182	182	0
182	182	0
182	182	0
66	116	0
14	168	0
12	170	0
179	179	0
182	182	0
175	175	0
182	182	0
182	182	0
142	142	0
182	182	0
12	170	0
182	182	0
175	175	0
182	182	0
182	182	0
170	170	0
182	182	0
181	181	0
32	32	0
166	166	0
179	179	0
182	182	0
172	172	0
182	182	0
155	155	0
175	175	0
171	171	0
179	179	0
174	174	0
113	113	0
182	182	0
164	164	0
182	182	0
179	179	0
182	182	0
180	180	0
166	166	0
176	176	0
179	179	0
182	182	0
182	182	0
19	163	0
182	182	0
5	177	0
180	180	0
158	158	0
172	172	0
152	152	0
180	180	0
74	108	0
13	169	0
175	175	0
180	180	0
182	182	0
182	182	0
35	147	0
166	166	0
40	142	0
178	178	0
181	181	0
182	182	0
177	177	0
182	182	0
126	126	0
177	177	0
182	182	0
182	182	0
12	170	0
182	182	0
182	182	0
158	158	0
180	180	0
182	182	0
176	176	0
178	178	0
182	182	0
45	137	0
161	161	0
53	129	0
180	180	0
182	182	0
167	167	0
174	174	0
182	182	0
172	172	0
182	182	0
172	172	0
52	130	0
182	182	0
138	138	0
171	171	0
138	138	0
165	165	0
89	89	0
173	173	0
182	182	0
179	179	0
181	181	0
178	178	0
174	174	0
172	172	0
179	179	0
175	175	0
165	165	0
175	175	0
121	121	0
171	171	0
180	180	0
182	182	0
181	181	0
120	120	0
182	182	0
182	182	0
182	182	0
166	166	0
178	178	0
181	181	0
90	92	0
182	182	0
176	176	0
181	181	0
180	180	0
127	127	0
173	173	0
175	175	0
182	182	0
5	177	0
130	130	0
180	180	0
30	152	0
117	117	0
178	178	0
148	148	0
182	182	0
175	175	0
180	180	0
182	182	0
180	180	0
182	182	0
182	182	0
182	182	0
182	182	0
182	182	0
177	177	0
180	180	0
181	181	0
182	182	0
181	181	0
165	165	0
181	181	0
181	181	0
181	181	0
146	146	0
177	177	0
181	181	0
50	132	0
182	182	0
173	173	0
178	178	0
168	168	0
182	182	0
15	167	0
164	164	0
180	180	0
165	165	0
175	175	0
182	182	0
138	138	0
182	182	0
182	182	0
178	178	0
87	87	0
150	150	0
180	180	0
150	150	0
180	180	0
176	176	0
182	182	0
183	183	0
182	182	0
182	182	0
15	167	0
182	182	0
110	110	0
117	117	0
176	176	0
136	136	0
169	169	0
182	182	0
179	179	0
106	106	0
181	181	0
181	181	0
170	170	0
180	180	0
181	181	0
182	182	0
182	182	0
182	182	0
176	176	0
182	182	0
182	182	0
42	140	0
182	182	0
180	180	0
182	182	0
175	175	0
174	174	0
179	179	0
125	125	0
181	181	0
102	102	0
69	113	0
167	167	0
127	127	0
182	182	0
180	180	0
180	180	0
182	182	0
175	175	0
177	177	0
182	182	0
168	168	0
163	163	0
182	182	0
122	122	0
180	180	0
181	181	0
182	182	0
176	176	0
50	132	0
20	162	0
170	170	0
168	168	0
182	182	0
177	177	0
160	160	0
120	120	0
180	180	0
153	153	0
182	182	0
175	175	0
21	161	0
181	181	0
182	182	0
5	177	0
60	122	0
181	181	0
166	166	0
61	121	0
176	176	0
181	181	0
181	181	0
36	146	0
77	105	0
182	182	0
182	182	0
180	180	0
182	182	0
182	182	0
17	165	0
162	162	0
171	171	0
181	181	0
144	144	0
182	182	0
9	173	0
176	176	0
162	162	0
175	175	0
181	181	0
171	171	0
175	175	0
89	93	0
166	166	0
148	148	0
83	99	0
182	182	0
175	175	0
182	182	0
182	182	0
177	177	0
57	125	0
116	116	0
176	176	0
7	175	0
180	180	0
180	180	0
181	181	0
9	173	0
131	131	0
180	180	0
164	164	0
22	160	0
170	170	0
182	182	0
181	181	0
182	182	0
181	181	0
168	168	0
174	174	0
178	178	0
70	70	0
34	148	0
179	179	0
179	179	0
164	164	0
146	146	0
172	172	0
182	182	0
178	178	0
157	157	0
179	179	0
180	180	0
179	179	0
131	131	0
182	182	0
181	181	0
177	177	0
181	181	0
173	173	0
15	15	0
182	182	0
168	168	0
174	174	0
182	182	0
181	181	0
180	180	0
39	143	0
182	182	0
173	173	0
179	179	0
182	182	0
181	181	0
150	150	0
182	182	0
174	174	0
174	174	0
173	173	0
145	145	0
171	171	0
43	43	0
178	178	0
172	172	0
94	94	0
177	177	0
168	168	0
181	181	0
182	182	0
182	182	0
180	180	0
157	157	0
180	180	0
180	180	0
176	176	0
176	176	0
165	165	0
146	146	0
171	171	0
140	140	0
171	171	0
161	161	0
88	88	0
181	181	0
169	169	0
177	177	0
172	172	0
12	170	0
182	182	0
171	171	0
181	181	0
179	179	0
179	179	0
180	180	0
182	182	0
182	182	0
182	182	0
174	174	0
182	182	0
150	150	0
173	173	0
173	173	0
178	178	0
181	181	0
157	157	0
180	180	0
182	182	0
182	182	0
178	178	0
181	181	0
181	181	0
66	116	0
126	126	0
140	140	0
166	166	0
182	182	0
181	181	0
178	178	0
53	53	0
173	173	0
130	130	0
180	180	0
60	122	0
178	178	0
179	179	0
112	112	0
180	180	0
182	182	0
167	167	0
181	181	0
182	182	0
139	139	0
182	182	0
164	164	0
70	112	0
141	141	0
160	160	0
164	164	0
181	181	0
178	178	0
176	176	0
81	101	0
173	173	0
177	177	0
33	149	0
182	182	0
104	104	0
182	182	0
182	182	0
182	182	0
182	182	0
182	182	0
182	182	0
93	93	0
183	183	0
171	171	0
154	154	0
159	159	0
180	180	0
168	168	0
158	158	0
174	174	0
181	181	0
76	106	0
182	182	0
175	175	0
175	175	0
183	183	0
170	170	0
106	106	0
179	179	0
171	171	0
182	182	0
177	177	0
172	172	0
175	175	0
12	170	0
151	151	0
179	179	0
37	145	0
182	182	0
179	179	0
182	182	0
178	178	0
141	141	0
139	139	0
150	150	0
182	182	0
87	95	0
179	179	0
182	182	0
175	175	0
165	165	0
166	166	0
112	112	0
176	176	0
22	160	0
171	171	0
180	180	0
79	103	0
181	181	0
137	137	0
174	174	0
165	165	0
178	178	0
37	145	0
160	160	0
182	182	0
182	182	0
168	168	0
182	182	0
128	128	0
172	172	0
113	113	0
172	172	0
180	180	0
173	173	0
182	182	0
181	181	0
82	82	0
178	178	0
20	162	0
46	46	0
182	182	0
160	160	0
182	182	0
176	176	0
75	107	0
178	178	0
8	174	0
174	174	0
182	182	0
7	175	0
176	176	0
182	182	0
182	182	0
182	182	0
182	182	0
182	182	0
176	176	0
180	180	0
182	182	0
179	179	0
181	181	0
177	177	0
159	159	0
66	116	0
81	101	0
146	146	0
171	171	0
181	181	0
88	94	0
182	182	0
182	182	0
182	182	0
72	110	0
174	174	0
182	182	0
180	180	0
183	183	0
182	182	0
173	173	0
179	179	0
182	182	0
153	153	0
183	183	0
83	99	0
176	176	0
163	163	0
181	181	0
182	182	0
81	101	0
178	178	0
182	182	0
168	168	0
86	96	0
53	129	0
138	138	0
179	179	0
120	120	0
55	127	0
179	179	0
23	159	0
157	157	0
178	178	0
180	180	0
22	160	0
171	171	0
167	167	0
182	182	0
181	181	0
180	180	0
182	182	0
168	168	0
170	170	0
70	112	0
141	141	0
173	173	0
66	116	0
170	170	0
154	154	0
169	169	0
71	71	0
158	158	0
180	180	0
172	172	0
117	117	0
170	170	0
176	176	0
179	179	0
165	165	0
182	182	0
164	164	0
17	165	0
180	180	0
83	99	0
181	181	0
34	148	0
172	172	0
162	162	0
180	180	0
175	175	0
181	181	0
154	154	0
79	103	0
181	181	0
169	169	0
160	160	0
179	179	0
179	179	0
181	181	0
182	182	0
182	182	0
182	182	0
171	171	0
6	6	0
182	182	0
182	182	0
73	73	0
176	176	0
178	178	0
182	182	0
182	182	0
172	172	0
172	172	0
174	174	0
182	182	0
179	179	0
144	144	0
60	60	0
160	160	0
180	180	0
182	182	0
141	141	0
168	168	0
172	172	0
181	181	0
19	163	0
182	182	0
182	182	0
182	182	0
173	173	0
58	124	0
169	169	0
182	182	0
105	105	0
178	178	0
141	141	0
179	179	0
166	166	0
135	135	0
45	137	0
182	182	0
182	182	0
133	133	0
181	181	0
179	179	0
127	127	0
117	117	0
172	172	0
182	182	0
182	182	0
22	160	0
154	154	0
173	173	0
170	170	0
180	180	0
138	138	0
113	113	0
182	182	0
180	180	0
182	182	0
153	153	0
144	144	0
132	132	0
104	104	0
174	174	0
149	149	0
182	182	0
147	147	0
156	156	0
144	144	0
180	180	0
172	172	0
181	181	0
181	181	0
182	182	0
174	174	0
159	159	0
182	182	0
182	182	0
182	182	0
183	183	0
178	178	0
155	155	0
182	182	0
182	182	0
182	182	0
102	102	0
179	179	0
182	182	0
176	176	0
181	181	0
182	182	0
182	182	0
180	180	0
177	177	0
54	54	0
181	181	0
158	158	0
137	137	0
169	169	0
168	168	0
170	170	0
172	172	0
81	81	0
156	156	0
139	139	0
174	174	0
172	172	0
182	182	0
59	123	0
48	134	0
172	172	0
180	180	0
178	178	0
182	182	0
181	181	0
162	162	0
178	178	0
183	183	0
181	181	0
180	180	0
180	180	0
182	182	0
182	182	0
162	162	0
174	174	0
176	176	0
158	158	0
167	167	0
175	175	0
181	181	0
158	158	0
182	182	0
157	157	0
174	174	0
180	180	0
182	182	0
16	166	0
175	175	0
160	160	0
178	178	0
182	182	0
182	182	0
176	176	0
182	182	0
110	110	0
159	159	0
49	49	0
179	179	0
173	173	0
43	139	0
182	182	0
93	93	0
181	181	0
182	182	0
179	179	0
169	169	0
179	179	0
182	182	0
154	154	0
164	164	0
149	149	0
180	180	0
173	173	0
182	182	0
64	64	0
13	169	0
179	179	0
144	144	0
181	181	0
182	182	0
29	153	0
182	182	0
29	153	0
56	126	0
160	160	0
177	177	0
118	118	0
174	174	0
147	147	0
181	181	0
178	178	0
176	176	0
181	181	0
177	177	0
165	165	0
181	181	0
111	111	0
182	182	0
182	182	0
168	168	0
165	165	0
151	151	0
182	182	0
180	180	0
177	177	0
72	110	0
168	168	0
172	172	0
165	165	0
182	182	0
181	181	0
182	182	0
173	173	0
180	180	0
181	181	0
177	177	0
181	181	0
181	181	0
161	161	0
182	182	0
182	182	0
174	174	0
31	151	0
182	182	0
182	182	0
180	180	0
121	121	0
168	168	0
180	180	0
182	182	0
59	59	0
182	182	0
48	134	0
169	169	0
179	179	0
182	182	0
182	182	0
162	162	0
177	177	0
179	179	0
76	106	0
171	171	0
145	145	0
24	158	0
158	158	0
182	182	0
181	181	0
180	180	0
17	165	0
182	182	0
155	155	0
183	183	0
139	139	0
182	182	0
18	164	0
181	181	0
163	163	0
182	182	0
182	182	0
60	122	0
182	182	0
177	177	0
144	144	0
179	179	0
179	179	0
150	150	0
169	169	0
44	138	0
22	160	0
168	168	0
177	177	0
174	174	0
35	147	0
167	167	0
172	172	0
157	157	0
159	159	0
182	182	0
181	181	0
119	119	0
181	181	0
179	179	0
181	181	0
172	172	0
68	68	0
181	181	0
174	174	0
179	179	0
173	173	0
182	182	0
181	181	0
167	167	0
150	150	0
180	180	0
155	155	0
182	182	0
170	170	0
182	182	0
182	182	0
124	124	0
150	150	0
160	160	0
150	150	0
161	161	0
155	155	0
181	181	0
129	129	0
153	153	0
180	180	0
179	179	0
35	147	0
174	174	0
182	182	0
181	181	0
181	181	0
36	146	0
174	174	0
65	117	0
171	171	0
182	182	0
182	182	0
60	122	0
180	180	0
178	178	0
140	140	0
150	150	0
180	180	0
174	174	0
181	181	0
175	175	0
148	148	0
11	171	0
154	154	0
172	172	0
175	175	0
141	141	0
52	130	0
179	179	0
177	177	0
182	182	0
160	160	0
176	176	0
48	134	0
177	177	0
178	178	0
181	181	0
172	172	0
161	161	0
177	177	0
177	177	0
182	182	0
181	181	0
182	182	0
124	124	0
182	182	0
179	179	0
178	178	0
180	180	0
163	163	0
176	176	0
182	182	0
160	160	0
182	182	0
179	179	0
177	177	0
181	181	0
150	150	0
176	176	0
153	153	0
181	181	0
180	180	0
28	154	0
89	93	0
182	182	0
182	182	0
181	181	0
61	121	0
158	158	0
182	182	0
180	180	0
175	175	0
161	161	0
155	155	0
90	92	0
175	175	0
176	176	0
182	182	0
181	181	0
182	182	0
180	180	0
6	176	0
145	145	0
174	174	0
179	179	0
178	178	0
167	167	0
176	176	0
148	148	0
171	171	0
165	165	0
62	120	0
123	123	0
172	172	0
164	164	0
180	180	0
84	98	0
56	126	0
182	182	0
182	182	0
182	182	0
21	161	0
163	163	0
142	142	0
179	179	0
173	173	0
160	160	0
182	182	0
180	180	0
179	179	0
182	182	0
182	182	0
144	144	0
182	182	0
182	182	0
181	181	0
182	182	0
182	182	0
181	181	0
182	182	0
181	181	0
182	182	0
179	179	0
182	182	0
163	163	0
141	141	0
182	182	0
179	179	0
182	182	0
64	118	0
173	173	0
181	181	0
175	175	0
182	182	0
53	129	0
170	170	0
105	105	0
180	180	0
80	102	0
181	181	0
175	175	0
82	82	0
172	172	0
180	180	0
182	182	0
180	180	0
143	143	0
177	177	0
175	175	0
141	141	0
175	175	0
181	181	0
178	178	0
144	144	0
157	157	0
183	183	0
172	172	0
178	178	0
182	182	0
116	116	0
181	181	0
182	182	0
164	164	0
182	182	0
182	182	0
109	109	0
170	170	0
166	166	0
173	173	0
172	172	0
164	164	0
182	182	0
181	181	0
182	182	0
171	171	0
166	166	0
182	182	0
175	175	0
142	142	0
182	182	0
181	181	0
181	181	0
148	148	0
182	182	0
130	130	0
182	182	0
180	180	0
20	162	0
176	176	0
179	179	0
181	181	0
182	182	0
131	131	0
181	181	0
182	182	0
176	176	0
41	141	0
175	175	0
160	160	0
178	178	0
24	158	0
167	167	0
166	166	0
144	144	0
181	181	0
174	174	0
180	180	0
171	171	0
95	95	0
158	158	0
182	182	0
181	181	0
181	181	0
179	179	0
179	179	0
182	182	0
124	124	0
181	181	0
181	181	0
163	163	0
179	179	0
174	174	0
181	181	0
181	181	0
40	142	0
178	178	0
175	175	0
173	173	0
182	182	0
160	160	0
172	172	0
82	100	0
168	168	0
175	175	0
176	176	0
152	152	0
173	173	0
182	182	0
182	182	0
182	182	0
169	169	0
8	174	0
181	181	0
38	144	0
181	181	0
171	171	0
178	178	0
174	174	0
166	166	0
170	170	0
131	131	0
133	133	0
178	178	0
180	180	0
73	73	0
182	182	0
131	131	0
172	172	0
29	153	0
162	162	0
107	107	0
159	159	0
139	139	0
181	181	0
118	118	0
50	132	0
175	175	0
181	181	0
168	168	0
171	171	0
164	164	0
182	182	0
149	149	0
168	168	0
172	172	0
24	158	0
181	181	0
179	179	0
103	103	0
142	142	0
180	180	0
182	182	0
181	181	0
175	175	0
177	177	0
15	167	0
163	163	0
181	181	0
182	182	0
86	96	0
178	178	0
181	181	0
152	152	0
165	165	0
181	181	0
128	128	0
181	181	0
183	183	0
181	181	0
176	176	0
181	181	0
20	162	0
173	173	0
182	182	0
160	160	0
177	177	0
166	166	0
97	97	0
176	176	0
182	182	0
173	173	0
181	181	0
175	175	0
179	179	0
179	179	0
160	160	0
173	173	0
63	119	0
142	142	0
74	108	0
160	160	0
18	164	0
182	182	0
151	151	0
146	146	0
144	144	0
179	179	0
181	181	0
169	169	0
171	171	0
182	182	0
58	58	0
174	174	0
182	182	0
174	174	0
181	181	0
155	155	0
179	179	0
182	182	0
72	110	0
181	181	0
158	158	0
182	182	0
175	175	0
141	141	0
115	115	0
177	177	0
177	177	0
105	105	0
125	125	0
92	92	0
171	171	0
171	171	0
182	182	0
48	134	0
166	166	0
182	182	0
182	182	0
36	146	0
180	180	0
180	180	0
181	181	0
156	156	0
182	182	0
165	165	0
172	172	0
177	177	0
172	172	0
181	181	0
174	174	0
162	162	0
175	175	0
168	168	0
4	178	0
154	154	0
12	170	0
182	182	0
165	165	0
182	182	0
180	180	0
159	159	0
182	182	0
182	182	0
177	177	0
181	181	0
179	179	0
166	166	0
183	183	0
182	182	0
159	159	0
167	167	0
177	177	0
170	170	0
171	171	0
182	182	0
170	170	0
182	182	0
166	166	0
145	145	0
180	180	0
182	182	0
157	157	0
182	182	0
157	157	0
154	154	0
139	139	0
176	176	0
180	180	0
170	170	0
144	144	0
182	182	0
177	177	0
182	182	0
182	182	0
17	165	0
179	179	0
178	178	0
47	135	0
154	154	0
182	182	0
108	108	0
178	178	0
159	159	0
39	39	0
180	180	0
181	181	0
175	175	0
177	177	0
182	182	0
182	182	0
127	127	0
86	96	0
177	177	0
172	172	0
182	182	0
181	181	0
165	165	0
181	181	0
174	174	0
56	126	0
171	171	0
164	164	0
73	109	0
173	173	0
175	175	0
176	176	0
15	167	0
100	100	0
177	177	0
173	173	0
164	164	0
178	178	0
176	176	0
178	178	0
182	182	0
178	178	0
50	132	0
181	181	0
53	129	0
25	157	0
181	181	0
178	178	0
96	96	0
172	172	0
168	168	0
182	182	0
182	182	0
182	182	0
182	182	0
177	177	0
46	136	0
171	171	0
182	182	0
24	158	0
177	177	0
169	169	0
161	161	0
144	144	0
179	179	0
178	178	0
182	182	0
179	179	0
161	161	0
179	179	0
167	167	0
180	180	0
18	164	0
16	16	0
76	106	0
167	167	0
137	137	0
182	182	0
163	163	0
176	176	0
152	152	0
181	181	0
164	164	0
180	180	0
180	180	0
182	182	0
161	161	0
15	167	0
181	181	0
182	182	0
182	182	0
71	71	0
163	163	0
182	182	0
176	176	0
139	139	0
182	182	0
155	155	0
163	163	0
162	162	0
181	181	0
181	181	0
182	182	0
182	182	0
176	176	0
178	178	0
176	176	0
174	174	0
16	166	0
179	179	0
178	178	0
168	168	0
175	175	0
80	80	0
183	183	0
136	136	0
32	32	0
136	136	0
156	156	0
86	96	0
174	174	0
158	158	0
180	180	0
126	126	0
168	168	0
177	177	0
172	172	0
168	168	0
182	182	0
180	180	0
181	181	0
182	182	0
173	173	0
166	166	0
182	182	0
178	178	0
149	149	0
175	175	0
181	181	0
176	176	0
97	97	0
179	179	0
25	157	0
177	177	0
175	175	0
31	151	0
182	182	0
180	180	0
31	151	0
177	177	0
181	181	0
181	181	0
182	182	0
182	182	0
176	176	0
170	170	0
149	149	0
182	182	0
3	179	0
182	182	0
177	177	0
180	180	0
180	180	0
165	165	0
103	103	0
28	154	0
167	167	0
181	181	0
173	173	0
158	158	0
182	182	0
167	167	0
182	182	0
37	145	0
176	176	0
177	177	0
182	182	0
163	163	0
67	115	0
183	183	0
182	182	0
149	149	0
182	182	0
182	182	0
172	172	0
182	182	0
180	180	0
180	180	0
172	172	0
182	182	0
182	182	0
179	179	0
174	174	0
182	182	0
181	181	0
175	175	0
52	130	0
181	181	0
179	179	0
40	142	0
79	103	0
67	115	0
178	178	0
182	182	0
182	182	0
165	165	0
182	182	0
182	182	0
167	167	0
176	176	0
170	170	0
12	170	0
128	128	0
46	46	0
179	179	0
179	179	0
167	167	0
157	157	0
182	182	0
120	120	0
172	172	0
173	173	0
179	179	0
180	180	0
182	182	0
149	149	0
134	134	0
181	181	0
170	170	0
182	182	0
174	174	0
182	182	0
161	161	0
42	140	0
182	182	0
24	158	0
157	157	0
181	181	0
182	182	0
181	181	0
181	181	0
182	182	0
180	180	0
182	182	0
163	163	0
177	177	0
123	123	0
182	182	0
181	181	0
167	167	0
155	155	0
182	182	0
182	182	0
132	132	0
182	182	0
177	177	0
179	179	0
181	181	0
175	175	0
176	176	0
178	178	0
182	182	0
181	181	0
17	165	0
182	182	0
27	155	0
181	181	0
182	182	0
182	182	0
182	182	0
159	159	0
56	126	0
113	113	0
174	174	0
175	175	0
180	180	0
182	182	0
173	173	0
177	177	0
56	126	0
158	158	0
175	175	0
182	182	0
181	181	0
169	169	0
181	181	0
47	135	0
180	180	0
172	172	0
182	182	0
168	168	0
162	162	0
61	121	0
180	180	0
182	182	0
179	179	0
182	182	0
182	182	0
123	123	0
182	182	0
159	159	0
173	173	0
150	150	0
182	182	0
177	177	0
46	136	0
119	119	0
171	171	0
165	165	0
177	177	0
159	159	0
171	171	0
175	175	0
183	183	0
178	178	0
178	178	0
174	174	0
170	170	0
176	176	0
165	165	0
177	177	0
174	174	0
34	148	0
174	174	0
172	172	0
178	178	0
153	153	0
182	182	0
162	162	0
170	170	0
177	177	0
177	177	0
182	182	0
168	168	0
163	163	0
177	177	0
146	146	0
182	182	0
182	182	0
182	182	0
182	182	0
19	163	0
175	175	0
147	147	0
147	147	0
76	106	0
177	177	0
171	171	0
181	181	0
182	182	0
92	92	0
179	179	0
182	182	0
181	181	0
177	177	0
165	165	0
5	177	0
182	182	0
180	180	0
182	182	0
179	179	0
169	169	0
155	155	0
174	174	0
181	181	0
161	161	0
176	176	0
181	181	0
170	170	0
182	182	0
178	178	0
182	182	0
178	178	0
182	182	0
126	126	0
177	177	0
179	179	0
182	182	0
129	129	0
175	175	0
81	81	0
179	179	0
180	180	0
142	142	0
170	170	0
172	172	0
168	168	0
35	147	0
182	182	0
180	180	0
182	182	0
69	69	0
182	182	0
182	182	0
170	170	0
154	154	0
182	182	0
179	179	0
34	148	0
180	180	0
53	53	0
182	182	0
182	182	0
89	93	0
179	179	0
170	170	0
161	161	0
89	93	0
146	146	0
169	169	0
50	132	0
65	117	0
181	181	0
177	177	0
166	166	0
180	180	0
25	157	0
176	176	0
168	168	0
105	105	0
151	151	0
182	182	0
173	173	0
162	162	0
178	178	0
176	176	0
68	68	0
181	181	0
179	179	0
88	88	0
182	182	0
182	182	0
180	180	0
12	170	0
171	171	0
16	16	0
182	182	0
31	151	0
158	158	0
68	114	0
181	181	0
164	164	0
182	182	0
171	171	0
182	182	0
19	163	0
168	168	0
171	171	0
174	174	0
182	182	0
167	167	0
54	128	0
182	182	0
166	166	0
138	138	0
181	181	0
172	172	0
181	181	0
143	143	0
182	182	0
182	182	0
61	121	0
182	182	0
171	171	0
182	182	0
10	172	0
182	182	0
166	166	0
177	177	0
117	117	0
173	173	0
69	69	0
171	171	0
172	172	0
170	170	0
171	171	0
167	167	0
42	140	0
180	180	0
167	167	0
180	180	0
178	178	0
177	177	0
172	172	0
37	145	0
179	179	0
6	176	0
182	182	0
171	171	0
153	153	0
178	178	0
180	180	0
178	178	0
124	124	0
182	182	0
172	172	0
64	64	0
181	181	0
160	160	0
181	181	0
181	181	0
181	181	0
182	182	0
181	181	0
75	107	0
160	160	0
139	139	0
180	180	0
32	150	0
168	168	0
182	182	0
140	140	0
171	171	0
182	182	0
59	59	0
182	182	0
16	166	0
175	175	0
179	179	0
167	167	0
182	182	0
169	169	0
157	157	0
176	176	0
176	176	0
181	181	0
181	181	0
182	182	0
44	138	0
181	181	0
182	182	0
172	172	0
182	182	0
155	155	0
126	126	0
49	133	0
177	177	0
162	162	0
182	182	0
181	181	0
180	180	0
182	182	0
178	178	0
180	180	0
178	178	0
182	182	0
182	182	0
61	121	0
180	180	0
92	92	0
181	181	0
180	180	0
173	173	0
178	178	0
152	152	0
181	181	0
182	182	0
180	180	0
177	177	0
180	180	0
179	179	0
181	181	0
182	182	0
179	179	0
178	178	0
179	179	0
72	110	0
179	179	0
124	124	0
141	141	0
170	170	0
173	173	0
169	169	0
181	181	0
182	182	0
182	182	0
164	164	0
182	182	0
177	177	0
176	176	0
176	176	0
180	180	0
182	182	0
181	181	0
162	162	0
109	109	0
171	171	0
56	126	0
177	177	0
182	182	0
178	178	0
90	90	0
77	105	0
175	175	0
181	181	0
179	179	0
169	169	0
173	173	0
180	180	0
179	179	0
133	133	0
168	168	0
182	182	0
182	182	0
179	179	0
182	182	0
179	179	0
167	167	0
182	182	0
139	139	0
63	119	0
179	179	0
182	182	0
139	139	0
182	182	0
176	176	0
147	147	0
171	171	0
161	161	0
168	168	0
182	182	0
155	155	0
182	182	0
170	170	0
174	174	0
174	174	0
180	180	0
182	182	0
182	182	0
172	172	0
137	137	0
182	182	0
182	182	0
158	158	0
182	182	0
181	181	0
165	165	0
175	175	0
123	123	0
171	171	0
174	174	0
163	163	0
170	170	0
156	156	0
176	176	0
130	130	0
124	124	0
155	155	0
177	177	0
145	145	0
177	177	0
182	182	0
147	147	0
34	148	0
163	163	0
181	181	0
176	176	0
29	153	0
174	174	0
107	107	0
53	129	0
180	180	0
47	135	0
180	180	0
182	182	0
182	182	0
154	154	0
155	155	0
138	138	0
6	176	0
182	182	0
162	162	0
7	175	0
118	118	0
157	157	0
182	182	0
182	182	0
171	171	0
163	163	0
69	113	0
172	172	0
172	172	0
171	171	0
73	109	0
170	170	0
20	162	0
182	182	0
178	178	0
154	154	0
127	127	0
168	168	0
145	145	0
32	32	0
178	178	0
182	182	0
165	165	0
181	181	0
65	117	0
158	158	0
181	181	0
182	182	0
180	180	0
163	163	0
182	182	0
182	182	0
165	165	0
182	182	0
168	168	0
165	165	0
59	59	0
180	180	0
177	177	0
70	112	0
176	176	0
169	169	0
167	167	0
59	123	0
167	167	0
26	156	0
61	121	0
160	160	0
47	135	0
179	179	0
178	178	0
181	181	0
166	166	0
93	93	0
180	180	0
143	143	0
155	155	0
179	179	0
180	180	0
179	179	0
175	175	0
175	175	0
181	181	0
164	164	0
177	177	0
168	168	0
182	182	0
180	180	0
37	145	0
182	182	0
182	182	0
182	182	0
164	164	0
181	181	0
171	171	0
82	100	0
179	179	0
180	180	0
182	182	0
182	182	0
3	179	0
182	182	0
180	180	0
80	102	0
182	182	0
183	183	0
178	178	0
180	180	0
141	141	0
183	183	0
182	182	0
168	168	0
54	128	0
181	181	0
176	176	0
182	182	0
164	164	0
181	181	0
97	97	0
155	155	0
173	173	0
181	181	0
167	167	0
154	154	0
167	167	0
147	147	0
132	132	0
166	166	0
110	110	0
41	141	0
179	179	0
182	182	0
176	176	0
174	174	0
4	178	0
176	176	0
106	106	0
139	139	0
164	164	0
182	182	0
182	182	0
173	173	0
172	172	0
182	182	0
180	180	0
134	134	0
165	165	0
182	182	0
166	166	0
59	123	0
173	173	0
179	179	0
181	181	0
109	109	0
175	175	0
132	132	0
181	181	0
179	179	0
182	182	0
11	171	0
168	168	0
2	180	0
83	99	0
177	177	0
174	174	0
166	166	0
182	182	0
182	182	0
183	183	0
177	177	0
182	182	0
33	149	0
181	181	0
13	169	0
175	175	0
171	171	0
182	182	0
154	154	0
180	180	0
171	171	0
161	161	0
160	160	0
161	161	0
16	166	0
179	179	0
182	182	0
183	183	0
170	170	0
182	182	0
169	169	0
174	174	0
176	176	0
182	182	0
175	175	0
180	180	0
40	40	0
181	181	0
182	182	0
179	179	0
182	182	0
179	179	0
170	170	0
21	161	0
180	180	0
179	179	0
176	176	0
178	178	0
35	147	0
59	123	0
179	179	0
182	182	0
127	127	0
181	181	0
183	183	0
113	113	0
182	182	0
181	181	0
123	123	0
182	182	0
181	181	0
20	162	0
181	181	0
177	177	0
174	174	0
57	125	0
151	151	0
182	182	0
182	182	0
182	182	0
182	182	0
182	182	0
180	180	0
175	175	0
182	182	0
174	174	0
180	180	0
182	182	0
170	170	0
171	171	0
175	175	0
165	165	0
172	172	0
182	182	0
26	156	0
178	178	0
69	113	0
182	182	0
143	143	0
176	176	0
157	157	0
181	181	0
8	174	0
181	181	0
182	182	0
164	164	0
124	124	0
177	177	0
135	135	0
181	181	0
169	169	0
182	182	0
180	180	0
173	173	0
180	180	0
25	157	0
164	164	0
166	166	0
179	179	0
66	116	0
178	178	0
161	161	0
177	177	0
110	110	0
182	182	0
123	123	0
171	171	0
7	175	0
182	182	0
178	178	0
181	181	0
162	162	0
182	182	0
181	181	0
180	180	0
180	180	0
80	102	0
178	178	0
18	164	0
181	181	0
133	133	0
38	144	0
178	178	0
161	161	0
169	169	0
69	69	0
182	182	0
166	166	0
85	97	0
183	183	0
128	128	0
162	162	0
175	175	0
142	142	0
44	138	0
181	181	0
169	169	0
182	182	0
147	147	0
176	176	0
123	123	0
179	179	0
181	181	0
182	182	0
172	172	0
176	176	0
166	166	0
182	182	0
39	143	0
129	129	0
182	182	0
175	175	0
173	173	0
181	181	0
110	110	0
166	166	0
181	181	0
178	178	0
156	156	0
180	180	0
178	178	0
181	181	0
182	182	0
175	175	0
182	182	0
158	158	0
164	164	0
63	119	0
179	179	0
177	177	0
176	176	0
156	156	0
176	176	0
7	175	0
181	181	0
49	49	0
181	181	0
174	174	0
164	164	0
183	183	0
182	182	0
143	143	0
176	176	0
176	176	0
180	180	0
170	170	0
172	172	0
6	176	0
182	182	0
182	182	0
160	160	0
141	141	0
60	122	0
163	163	0
178	178	0
169	169	0
182	182	0
178	178	0
181	181	0
182	182	0
179	179	0
182	182	0
12	170	0
170	170	0
183	183	0
180	180	0
182	182	0
179	179	0
177	177	0
170	170	0
182	182	0
36	146	0
112	112	0
91	91	0
179	179	0
183	183	0
180	180	0
179	179	0
114	114	0
91	91	0
181	181	0
156	156	0
20	162	0
155	155	0
168	168	0
182	182	0
182	182	0
179	179	0
160	160	0
20	162	0
178	178	0
176	176	0
182	182	0
136	136	0
108	108	0
91	91	0
174	174	0
180	180	0
175	175	0
134	134	0
173	173	0
179	179	0
182	182	0
182	182	0
155	155	0
109	109	0
182	182	0
179	179	0
162	162	0
172	172	0
157	157	0
182	182	0
172	172	0
58	124	0
181	181	0
117	117	0
181	181	0
62	120	0
151	151	0
179	179	0
180	180	0
180	180	0
180	180	0
163	163	0
182	182	0
173	173	0
182	182	0
68	114	0
179	179	0
155	155	0
182	182	0
176	176	0
178	178	0
153	153	0
161	161	0
182	182	0
180	180	0
170	170	0
62	62	0
150	150	0
173	173	0
182	182	0
178	178	0
161	161	0
64	118	0
51	131	0
181	181	0
175	175	0
177	177	0
181	181	0
172	172	0
33	149	0
181	181	0
182	182	0
181	181	0
180	180	0
84	98	0
50	132	0
182	182	0
182	182	0
160	160	0
15	167	0
176	176	0
162	162	0
170	170	0
124	124	0
175	175	0
181	181	0
166	166	0
37	145	0
78	104	0
178	178	0
182	182	0
179	179	0
32	150	0
165	165	0
181	181	0
77	105	0
10	172	0
84	98	0
181	181	0
181	181	0
179	179	0
90	92	0
182	182	0
179	179	0
177	177	0
182	182	0
178	178	0
178	178	0
174	174	0
180	180	0
156	156	0
158	158	0
178	178	0
89	93	0
145	145	0
93	93	0
177	177	0
172	172	0
181	181	0
152	152	0
163	163	0
13	169	0
178	178	0
159	159	0
182	182	0
175	175	0
182	182	0
166	166	0
182	182	0
158	158	0
179	179	0
177	177	0
178	178	0
179	179	0
13	169	0
182	182	0
148	148	0
182	182	0
182	182	0
161	161	0
182	182	0
41	141	0
165	165	0
181	181	0
182	182	0
90	92	0
118	118	0
182	182	0
179	179	0
181	181	0
66	116	0
182	182	0
181	181	0
181	181	0
181	181	0
29	153	0
182	182	0
182	182	0
167	167	0
181	181	0
42	140	0
48	134	0
164	164	0
147	147	0
181	181	0
54	128	0
180	180	0
172	172	0
176	176	0
29	153	0
181	181	0
177	177	0
182	182	0
181	181	0
179	179	0
11	171	0
182	182	0
27	155	0
181	181	0
57	57	0
181	181	0
172	172	0
182	182	0
181	181	0
181	181	0
172	172	0
156	156	0
178	178	0
182	182	0
182	182	0
169	169	0
152	152	0
81	101	0
167	167	0
115	115	0
170	170	0
164	164	0
140	140	0
182	182	0
166	166	0
183	183	0
171	171	0
176	176	0
177	177	0
179	179	0
178	178	0
181	181	0
181	181	0
174	174	0
182	182	0
171	171	0
182	182	0
122	122	0
179	179	0
100	100	0
40	142	0
113	113	0
177	177	0
12	170	0
7	175	0
7	175	0
118	118	0
168	168	0
182	182	0
167	167	0
177	177	0
53	129	0
174	174	0
182	182	0
179	179	0
181	181	0
182	182	0
126	126	0
169	169	0
178	178	0
167	167	0
180	180	0
19	163	0
180	180	0
182	182	0
24	158	0
180	180	0
181	181	0
171	171	0
174	174	0
181	181	0
172	172	0
157	157	0
179	179	0
174	174	0
91	91	0
178	178	0
179	179	0
33	149	0
182	182	0
182	182	0
177	177	0
170	170	0
181	181	0
181	181	0
62	120	0
181	181	0
172	172	0
175	175	0
173	173	0
52	130	0
50	132	0
181	181	0
182	182	0
182	182	0
156	156	0
155	155	0
140	140	0
180	180	0
176	176	0
60	122	0
131	131	0
182	182	0
180	180	0
176	176	0
177	177	0
173	173	0
74	108	0
175	175	0
177	177	0
181	181	0
178	178	0
27	155	0
172	172	0
172	172	0
182	182	0
179	179	0
181	181	0
165	165	0
178	178	0
163	163	0
181	181	0
177	177	0
183	183	0
182	182	0
179	179	0
182	182	0
173	173	0
151	151	0
182	182	0
179	179	0
176	176	0
70	112	0
178	178	0
180	180	0
179	179	0
29	153	0
178	178	0
167	167	0
182	182	0
166	166	0
182	182	0
182	182	0
181	181	0
51	51	0
172	172	0
170	170	0
182	182	0
39	143	0
180	180	0
183	183	0
182	182	0
158	158	0
161	161	0
8	174	0
119	119	0
175	175	0
181	181	0
179	179	0
182	182	0
182	182	0
138	138	0
182	182	0
178	178	0
182	182	0
160	160	0
182	182	0
100	100	0
179	179	0
170	170	0
181	181	0
171	171	0
182	182	0
172	172	0
179	179	0
181	181	0
175	175	0
24	158	0
177	177	0
174	174	0
169	169	0
182	182	0
168	168	0
36	146	0
161	161	0
176	176	0
176	176	0
81	101	0
183	183	0
182	182	0
182	182	0
182	182	0
131	131	0
46	136	0
81	101	0
182	182	0
182	182	0
182	182	0
78	104	0
166	166	0
180	180	0
178	178	0
180	180	0
182	182	0
169	169	0
147	147	0
162	162	0
150	150	0
136	136	0
178	178	0
38	144	0
161	161	0
177	177	0
48	134	0
173	173	0
182	182	0
175	175	0
85	97	0
150	150	0
179	179	0
158	158	0
182	182	0
180	180	0
164	164	0
13	169	0
113	113	0
182	182	0
180	180	0
65	117	0
177	177	0
182	182	0
118	118	0
153	153	0
120	120	0
86	96	0
182	182	0
141	141	0
85	97	0
163	163	0
173	173	0
179	179	0
182	182	0
14	168	0
158	158	0
179	179	0
180	180	0
178	178	0
177	177	0
77	105	0
11	171	0
9	173	0
167	167	0
133	133	0
34	148	0
170	170	0
172	172	0
177	177	0
182	182	0
160	160	0
48	134	0
173	173	0
78	78	0
25	157	0
182	182	0
164	164	0
182	182	0
20	162	0
182	182	0
169	169	0
175	175	0
169	169	0
180	180	0
178	178	0
169	169	0
179	179	0
167	167	0
163	163	0
182	182	0
80	102	0
142	142	0
181	181	0
83	99	0
181	181	0
170	170	0
49	133	0
182	182	0
181	181	0
181	181	0
179	179	0
178	178	0
175	175	0
180	180	0
160	160	0
145	145	0
162	162	0
15	167	0
39	143	0
182	182	0
137	137	0
163	163	0
170	170	0
179	179	0
158	158	0
172	172	0
179	179	0
147	147	0
182	182	0
161	161	0
175	175	0
179	179	0
182	182	0
182	182	0
167	167	0
65	117	0
182	182	0
179	179	0
180	180	0
182	182	0
44	138	0
182	182	0
182	182	0
182	182	0
182	182	0
147	147	0
182	182	0
181	181	0
18	164	0
180	180	0
179	179	0
148	148	0
172	172	0
162	162	0
113	113	0
182	182	0
168	168	0
84	98	0
12	170	0
82	100	0
182	182	0
150	150	0
182	182	0
50	132	0
182	182	0
11	171	0
147	147	0
33	33	0
182	182	0
160	160	0
181	181	0
181	181	0
182	182	0
182	182	0
182	182	0
178	178	0
173	173	0
57	125	0
175	175	0
178	178	0
23	159	0
170	170	0
152	152	0
181	181	0
182	182	0
9	173	0
64	64	0
130	130	0
149	149	0
162	162	0
171	171	0
182	182	0
168	168	0
5	177	0
160	160	0
157	157	0
175	175	0
178	178	0
177	177	0
182	182	0
85	97	0
178	178	0
178	178	0
29	153	0
173	173	0
52	130	0
172	172	0
178	178	0
175	175	0
162	162	0
146	146	0
178	178	0
159	159	0
42	140	0
163	163	0
2	180	0
180	180	0
178	178	0
181	181	0
169	169	0
182	182	0
172	172	0
161	161	0
179	179	0
161	161	0
182	182	0
178	178	0
179	179	0
171	171	0
167	167	0
87	95	0
176	176	0
182	182	0
90	90	0
20	162	0
139	139	0
49	49	0
177	177	0
68	114	0
178	178	0
119	119	0
175	175	0
176	176	0
181	181	0
108	108	0
112	112	0
166	166	0
182	182	0
165	165	0
40	142	0
90	92	0
174	174	0
176	176	0
181	181	0
182	182	0
182	182	0
60	122	0
182	182	0
163	163	0
181	181	0
45	137	0
181	181	0
160	160	0
182	182	0
174	174	0
181	181	0
182	182	0
181	181	0
165	165	0
24	158	0
181	181	0
164	164	0
178	178	0
157	157	0
182	182	0
182	182	0
175	175	0
114	114	0
180	180	0
166	166	0
163	163	0
144	144	0
180	180	0
179	179	0
176	176	0
168	168	0
177	177	0
47	135	0
129	129	0
152	152	0
181	181	0
182	182	0
167	167	0
158	158	0
29	153	0
181	181	0
130	130	0
180	180	0
177	177	0
181	181	0
182	182	0
28	154	0
163	163	0
83	99	0
171	171	0
179	179	0
18	164	0
154	154	0
174	174	0
160	160	0
177	177	0
182	182	0
182	182	0
118	118	0
182	182	0
182	182	0
173	173	0
153	153	0
175	175	0
180	180	0
167	167	0
179	179	0
182	182	0
181	181	0
169	169	0
174	174	0
180	180	0
110	110	0
51	131	0
182	182	0
36	146	0
182	182	0
50	132	0
36	36	0
182	182	0
175	175	0
117	117	0
162	162	0
173	173	0
156	156	0
180	180	0
165	165	0
182	182	0
180	180	0
13	13	0
182	182	0
48	134	0
175	175	0
177	177	0
17	165	0
171	171	0
181	181	0
181	181	0
169	169	0
175	175	0
93	93	0
182	182	0
182	182	0
106	106	0
176	176	0
27	155	0
181	181	0
182	182	0
172	172	0
171	171	0
73	109	0
181	181	0
88	94	0
129	129	0
182	182	0
130	130	0
181	181	0
175	175	0
170	170	0
179	179	0
182	182	0
170	170	0
182	182	0
176	176	0
182	182	0
182	182	0
170	170	0
72	110	0
178	178	0
171	171	0
180	180	0
170	170	0
23	159	0
176	176	0
182	182	0
105	105	0
181	181	0
153	153	0
135	135	0
176	176	0
172	172	0
178	178	0
180	180	0
167	167	0
150	150	0
182	182	0
182	182	0
148	148	0
182	182	0
178	178	0
182	182	0
182	182	0
177	177	0
167	167	0
127	127	0
181	181	0
30	152	0
166	166	0
177	177	0
180	180	0
5	177	0
182	182	0
182	182	0
182	182	0
182	182	0
173	173	0
179	179	0
169	169	0
147	147	0
182	182	0
165	165	0
163	163	0
149	149	0
86	96	0
163	163	0
180	180	0
180	180	0
70	112	0
182	182	0
146	146	0
181	181	0
171	171	0
181	181	0
181	181	0
52	52	0
182	182	0
182	182	0
169	169	0
70	112	0
151	151	0
173	173	0
181	181	0
181	181	0
180	180	0
182	182	0
179	179	0
169	169	0
182	182	0
161	161	0
138	138	0
176	176	0
171	171	0
138	138	0
175	175	0
172	172	0
160	160	0
160	160	0
172	172	0
157	157	0
182	182	0
182	182	0
181	181	0
9	173	0
168	168	0
180	180	0
172	172	0
162	162	0
150	150	0
147	147	0
170	170	0
181	181	0
180	180	0
181	181	0
139	139	0
148	148	0
181	181	0
150	150	0
179	179	0
163	163	0
144	144	0
182	182	0
89	89	0
177	177	0
182	182	0
181	181	0
28	154	0
29	153	0
180	180	0
182	182	0
177	177	0
181	181	0
174	174	0
81	81	0
175	175	0
179	179	0
182	182	0
174	174	0
182	182	0
182	182	0
161	161	0
174	174	0
166	166	0
172	172	0
182	182	0
182	182	0
182	182	0
150	150	0
168	168	0
166	166	0
168	168	0
166	166	0
165	165	0
103	103	0
150	150	0
25	157	0
179	179	0
181	181	0
89	93	0
177	177	0
50	132	0
72	110	0
167	167	0
175	175	0
177	177	0
182	182	0
182	182	0
176	176	0
181	181	0
82	100	0
172	172	0
51	131	0
169	169	0
182	182	0
170	170	0
64	118	0
173	173	0
182	182	0
181	181	0
182	182	0
179	179	0
58	124	0
180	180	0
56	126	0
177	177	0
48	134	0
142	142	0
175	175	0
166	166	0
181	181	0
160	160	0
182	182	0
171	171	0
182	182	0
94	94	0
140	140	0
172	172	0
143	143	0
180	180	0
165	165	0
182	182	0
182	182	0
180	180	0
157	157	0
177	177	0
166	166	0
174	174	0
151	151	0
160	160	0
182	182	0
182	182	0
129	129	0
138	138	0
182	182	0
168	168	0
153	153	0
174	174	0
161	161	0
182	182	0
164	164	0
181	181	0
177	177	0
167	167	0
182	182	0
169	169	0
182	182	0
165	165	0
182	182	0
123	123	0
169	169	0
169	169	0
178	178	0
177	177	0
177	177	0
180	180	0
158	158	0
181	181	0
181	181	0
182	182	0
179	179	0
154	154	0
169	169	0
165	165	0
174	174	0
172	172	0
167	167	0
5	177	0
176	176	0
182	182	0
172	172	0
167	167	0
182	182	0
166	166	0
182	182	0
137	137	0
154	154	0
182	182	0
181	181	0
177	177	0
160	160	0
182	182	0
181	181	0
181	181	0
174	174	0
160	160	0
182	182	0
167	167	0
182	182	0
181	181	0
170	170	0
177	177	0
175	175	0
52	130	0
179	179	0
77	105	0
11	171	0
148	148	0
180	180	0
178	178	0
182	182	0
160	160	0
161	161	0
168	168	0
182	182	0
182	182	0
36	146	0
180	180	0
182	182	0
168	168	0
162	162	0
182	182	0
172	172	0
59	123	0
180	180	0
75	107	0
180	180	0
165	165	0
182	182	0
179	179	0
177	177	0
179	179	0
161	161	0
182	182	0
175	175	0
178	178	0
157	157	0
179	179	0
181	181	0
141	141	0
180	180	0
165	165	0
178	178	0
178	178	0
164	164	0
175	175	0
182	182	0
182	182	0
182	182	0
170	170	0
174	174	0
173	173	0
177	177	0
182	182	0
112	112	0
181	181	0
153	153	0
182	182	0
120	120	0
178	178	0
146	146	0
156	156	0
175	175	0
150	150	0
182	182	0
145	145	0
181	181	0
180	180	0
173	173	0
149	149	0
178	178	0
182	182	0
17	165	0
182	182	0
182	182	0
182	182	0
65	117	0
159	159	0
164	164	0
176	176	0
176	176	0
169	169	0
179	179	0
164	164	0
182	182	0
182	182	0
151	151	0
182	182	0
176	176	0
164	164	0
171	171	0
181	181	0
151	151	0
177	177	0
160	160	0
173	173	0
80	102	0
33	149	0
175	175	0
175	175	0
159	159	0
177	177	0
178	178	0
180	180	0
182	182	0
156	156	0
180	180	0
163	163	0
134	134	0
180	180	0
180	180	0
180	180	0
179	179	0
178	178	0
181	181	0
160	160	0
11	171	0
157	157	0
182	182	0
164	164	0
41	141	0
182	182	0
165	165	0
34	148	0
180	180	0
178	178	0
172	172	0
181	181	0
154	154	0
53	129	0
182	182	0
166	166	0
181	181	0
182	182	0
179	179	0
182	182	0
182	182	0
84	98	0
167	167	0
7	175	0
172	172	0
182	182	0
182	182	0
176	176	0
182	182	0
88	88	0
169	169	0
178	178	0
181	181	0
39	143	0
153	153	0
179	179	0
182	182	0
115	115	0
180	180	0
41	141	0
169	169	0
181	181	0
76	106	0
11	171	0
182	182	0
182	182	0
171	171	0
41	141	0
181	181	0
165	165	0
147	147	0
132	132	0
143	143	0
139	139	0
176	176	0
181	181	0
162	162	0
146	146	0
176	176	0
182	182	0
58	58	0
123	123	0
181	181	0
178	178	0
44	138	0
177	177	0
182	182	0
181	181	0
31	151	0
172	172	0
182	182	0
179	179	0
161	161	0
170	170	0
81	81	0
181	181	0
175	175	0
173	173	0
168	168	0
182	182	0
182	182	0
180	180	0
152	152	0
171	171	0
181	181	0
178	178	0
181	181	0
182	182	0
181	181	0
175	175	0
180	180	0
164	164	0
182	182	0
179	179	0
43	139	0
173	173	0
159	159	0
171	171	0
23	159	0
159	159	0
155	155	0
182	182	0
181	181	0
181	181	0
182	182	0
171	171	0
172	172	0
182	182	0
82	100	0
170	170	0
182	182	0
150	150	0
176	176	0
25	157	0
179	179	0
180	180	0
51	131	0
181	181	0
181	181	0
171	171	0
117	117	0
76	106	0
162	162	0
60	122	0
180	180	0
182	182	0
181	181	0
176	176	0
147	147	0
162	162	0
182	182	0
181	181	0
173	173	0
179	179	0
10	172	0
18	164	0
55	127	0
177	177	0
180	180	0
159	159	0
116	116	0
155	155	0
33	149	0
169	169	0
181	181	0
182	182	0
180	180	0
182	182	0
181	181	0
180	180	0
162	162	0
52	130	0
182	182	0
182	182	0
158	158	0
182	182	0
170	170	0
168	168	0
175	175	0
164	164	0
182	182	0
179	179	0
181	181	0
180	180	0
179	179	0
182	182	0
181	181	0
180	180	0
182	182	0
182	182	0
182	182	0
182	182	0
182	182	0
181	181	0
182	182	0
179	179	0
39	143	0
171	171	0
181	181	0
41	141	0
26	156	0
182	182	0
97	97	0
178	178	0
170	170	0
182	182	0
182	182	0
177	177	0
177	177	0
128	128	0
182	182	0
128	128	0
166	166	0
174	174	0
167	167	0
181	181	0
180	180	0
179	179	0
176	176	0
81	101	0
178	178	0
177	177	0
175	175	0
26	156	0
182	182	0
171	171	0
175	175	0
181	181	0
180	180	0
78	104	0
180	180	0
177	177	0
182	182	0
179	179	0
182	182	0
180	180	0
59	123	0
130	130	0
173	173	0
160	160	0
176	176	0
179	179	0
180	180	0
182	182	0
182	182	0
182	182	0
182	182	0
173	173	0
176	176	0
174	174	0
176	176	0
140	140	0
182	182	0
174	174	0
4	178	0
100	100	0
174	174	0
164	164	0
174	174	0
21	161	0
11	171	0
183	183	0
135	135	0
181	181	0
181	181	0
181	181	0
178	178	0
74	74	0
170	170	0
180	180	0
51	131	0
182	182	0
177	177	0
180	180	0
178	178	0
160	160	0
182	182	0
51	131	0
171	171	0
178	178	0
182	182	0
165	165	0
179	179	0
182	182	0
175	175	0
171	171	0
174	174	0
176	176	0
182	182	0
182	182	0
171	171	0
150	150	0
145	145	0
177	177	0
171	171	0
182	182	0
12	170	0
182	182	0
180	180	0
175	175	0
182	182	0
175	175	0
177	177	0
182	182	0
180	180	0
180	180	0
169	169	0
67	115	0
182	182	0
182	182	0
182	182	0
176	176	0
75	107	0
182	182	0
182	182	0
178	178	0
20	162	0
182	182	0
178	178	0
17	165	0
181	181	0
139	139	0
178	178	0
178	178	0
182	182	0
170	170	0
180	180	0
178	178	0
182	182	0
173	173	0
174	174	0
180	180	0
153	153	0
182	182	0
180	180	0
151	151	0
182	182	0
171	171	0
182	182	0
120	120	0
181	181	0
182	182	0
170	170	0
149	149	0
180	180	0
81	101	0
172	172	0
182	182	0
182	182	0
169	169	0
182	182	0
177	177	0
182	182	0
176	176	0
178	178	0
174	174	0
171	171	0
176	176	0
169	169	0
181	181	0
168	168	0
110	110	0
171	171	0
40	142	0
179	179	0
182	182	0
171	171	0
45	137	0
167	167	0
176	176	0
178	178	0
180	180	0
172	172	0
182	182	0
182	182	0
182	182	0
182	182	0
46	136	0
182	182	0
180	180	0
168	168	0
177	177	0
172	172	0
131	131	0
145	145	0
179	179	0
180	180	0
175	175	0
174	174	0
133	133	0
180	180	0
110	110	0
43	139	0
182	182	0
182	182	0
180	180	0
168	168	0
166	166	0
175	175	0
181	181	0
181	181	0
180	180	0
179	179	0
13	169	0
172	172	0
173	173	0
172	172	0
154	154	0
127	127	0
173	173	0
179	179	0
180	180	0
148	148	0
86	96	0
181	181	0
181	181	0
180	180	0
181	181	0
182	182	0
182	182	0
21	161	0
182	182	0
172	172	0
175	175	0
178	178	0
169	169	0
182	182	0
182	182	0
58	124	0
176	176	0
162	162	0
136	136	0
18	164	0
181	181	0
180	180	0
143	143	0
60	122	0
49	133	0
169	169	0
179	179	0
178	178	0
177	177	0
181	181	0
152	152	0
181	181	0
86	96	0
182	182	0
115	115	0
180	180	0
175	175	0
48	134	0
83	99	0
171	171	0
164	164	0
182	182	0
46	136	0
181	181	0
175	175	0
150	150	0
177	177	0
175	175	0
174	174	0
178	178	0
182	182	0
177	177	0
178	178	0
60	122	0
179	179	0
120	120	0
148	148	0
171	171	0
180	180	0
181	181	0
175	175	0
167	167	0
177	177	0
182	182	0
66	116	0
182	182	0
180	180	0
181	181	0
176	176	0
176	176	0
182	182	0
181	181	0
180	180	0
178	178	0
179	179	0
182	182	0
103	103	0
182	182	0
172	172	0
159	159	0
175	175	0
182	182	0
180	180	0
174	174	0
181	181	0
176	176	0
153	153	0
181	181	0
181	181	0
163	163	0
160	160	0
176	176	0
180	180	0
180	180	0
183	183	0
153	153	0
182	182	0
180	180	0
182	182	0
181	181	0
182	182	0
182	182	0
182	182	0
181	181	0
175	175	0
181	181	0
180	180	0
168	168	0
179	179	0
155	155	0
182	182	0
178	178	0
175	175	0
176	176	0
156	156	0
182	182	0
182	182	0
178	178	0
182	182	0
91	91	0
180	180	0
174	174	0
165	165	0
176	176	0
80	80	0
177	177	0
182	182	0
178	178	0
174	174	0
21	161	0
36	36	0
40	40	0
182	182	0
182	182	0
178	178	0
182	182	0
2	180	0
182	182	0
182	182	0
140	140	0
175	175	0
176	176	0
178	178	0
173	173	0
182	182	0
177	177	0
176	176	0
181	181	0
153	153	0
182	182	0
178	178	0
182	182	0
178	178	0
174	174	0
179	179	0
35	147	0
179	179	0
0	182	1
63	119	0
176	176	0
181	181	0
176	176	0
179	179	0
165	165	0
179	179	0
182	182	0
180	180	0
75	75	0
173	173	0
176	176	0
178	178	0
8	174	0
182	182	0
167	167	0
182	182	0
78	104	0
182	182	0
175	175	0
178	178	0
175	175	0
21	161	0
175	175	0
28	154	0
180	180	0
174	174	0
182	182	0
182	182	0
77	77	0
170	170	0
83	99	0
182	182	0
182	182	0
182	182	0
182	182	0
119	119	0
155	155	0
80	102	0
181	181	0
182	182	0
182	182	0
182	182	0
158	158	0
156	156	0
181	181	0
110	110	0
173	173	0
182	182	0
8	174	0
182	182	0
22	160	0
182	182	0
131	131	0
143	143	0
166	166	0
182	182	0
180	180	0
182	182	0
179	179	0
112	112	0
171	171	0
157	157	0
21	161	0
175	175	0
182	182	0
182	182	0
168	168	0
177	177	0
181	181	0
182	182	0
150	150	0
166	166	0
43	139	0
178	178	0
181	181	0
182	182	0
181	181	0
172	172	0
182	182	0
182	182	0
176	176	0
76	76	0
36	146	0
180	180	0
182	182	0
180	180	0
176	176	0
180	180	0
182	182	0
176	176	0
151	151	0
177	177	0
179	179	0
154	154	0
167	167	0
44	138	0
168	168	0
167	167	0
182	182	0
56	56	0
140	140	0
5	177	0
182	182	0
167	167	0
182	182	0
182	182	0
180	180	0
15	167	0
176	176	0
31	151	0
178	178	0
179	179	0
182	182	0
176	176	0
149	149	0
64	64	0
178	178	0
169	169	0
8	174	0
180	180	0
174	174	0
166	166	0
10	172	0
179	179	0
161	161	0
163	163	0
182	182	0
181	181	0
175	175	0
182	182	0
51	131	0
163	163	0
182	182	0
124	124	0
181	181	0
29	153	0
136	136	0
168	168	0
176	176	0
162	162	0
181	181	0
98	98	0
182	182	0
178	178	0
182	182	0
72	110	0
12	170	0
182	182	0
162	162	0
145	145	0
173	173	0
51	131	0
181	181	0
179	179	0
170	170	0
171	171	0
179	179	0
173	173	0
174	174	0
173	173	0
26	156	0
179	179	0
134	134	0
182	182	0
182	182	0
182	182	0
178	178	0
182	182	0
166	166	0
159	159	0
159	159	0
80	80	0
182	182	0
181	181	0
182	182	0
173	173	0
182	182	0
180	180	0
180	180	0
144	144	0
159	159	0
118	118	0
180	180	0
182	182	0
175	175	0
62	120	0
100	100	0
161	161	0
179	179	0
101	101	0
146	146	0
181	181	0
176	176	0
44	138	0
182	182	0
114	114	0
174	174	0
181	181	0
173	173	0
164	164	0
182	182	0
178	178	0
182	182	0
20	162	0
176	176	0
181	181	0
115	115	0
78	104	0
178	178	0
178	178	0
182	182	0
168	168	0
182	182	0
180	180	0
110	110	0
94	94	0
75	107	0
182	182	0
168	168	0
179	179	0
182	182	0
46	136	0
173	173	0
152	152	0
182	182	0
181	181	0
121	121	0
182	182	0
173	173	0
44	138	0
182	182	0
147	147	0
180	180	0
158	158	0
178	178	0
177	177	0
179	179	0
171	171	0
182	182	0
179	179	0
169	169	0
179	179	0
180	180	0
164	164	0
166	166	0
181	181	0
181	181	0
173	173	0
172	172	0
182	182	0
168	168	0
163	163	0
179	179	0
169	169	0
22	160	0
159	159	0
174	174	0
171	171	0
124	124	0
179	179	0
48	48	0
175	175	0
154	154	0
182	182	0
132	132	0
145	145	0
164	164	0
179	179	0
182	182	0
182	182	0
143	143	0
182	182	0
157	157	0
182	182	0
181	181	0
149	149	0
170	170	0
19	163	0
163	163	0
38	144	0
182	182	0
182	182	0
151	151	0
179	179	0
182	182	0
172	172	0
176	176	0
175	175	0
182	182	0
94	94	0
167	167	0
174	174	0
173	173	0
182	182	0
151	151	0
168	168	0
155	155	0
13	169	0
182	182	0
175	175	0
174	174	0
181	181	0
181	181	0
75	107	0
173	173	0
181	181	0
162	162	0
175	175	0
29	153	0
180	180	0
169	169	0
182	182	0
149	149	0
182	182	0
49	133	0
181	181	0
164	164	0
177	177	0
114	114	0
165	165	0
179	179	0
152	152	0
179	179	0
135	135	0
109	109	0
165	165	0
143	143	0
177	177	0
182	182	0
178	178	0
182	182	0
182	182	0
181	181	0
172	172	0
181	181	0
163	163	0
182	182	0
182	182	0
182	182	0
179	179	0
160	160	0
56	126	0
178	178	0
179	179	0
19	19	0
180	180	0
36	146	0
181	181	0
141	141	0
167	167	0
180	180	0
146	146	0
175	175	0
30	152	0
182	182	0
67	115	0
176	176	0
171	171	0
175	175	0
89	93	0
181	181	0
179	179	0
183	183	0
163	163	0
150	150	0
167	167	0
182	182	0
98	98	0
45	137	0
182	182	0
182	182	0
182	182	0
178	178	0
181	181	0
105	105	0
15	167	0
182	182	0
161	161	0
182	182	0
182	182	0
182	182	0
168	168	0
155	155	0
182	182	0
180	180	0
167	167	0
181	181	0
181	181	0
178	178	0
182	182	0
85	97	0
180	180	0
56	126	0
181	181	0
182	182	0
147	147	0
180	180	0
124	124	0
21	161	0
182	182	0
181	181	0
152	152	0
50	132	0
174	174	0
177	177	0
181	181	0
76	106	0
177	177	0
181	181	0
177	177	0
182	182	0
154	154	0
182	182	0
173	173	0
160	160	0
164	164	0
67	67	0
28	154	0
164	164	0
157	157	0
181	181	0
169	169	0
182	182	0
22	160	0
182	182	0
118	118	0
167	167	0
169	169	0
182	182	0
165	165	0
182	182	0
182	182	0
19	163	0
180	180	0
172	172	0
179	179	0
180	180	0
28	154	0
170	170	0
18	164	0
182	182	0
178	178	0
182	182	0
181	181	0
170	170	0
175	175	0
182	182	0
180	180	0
182	182	0
182	182	0
179	179	0
181	181	0
177	177	0
182	182	0
165	165	0
175	175	0
23	23	0
166	166	0
169	169	0
156	156	0
180	180	0
178	178	0
176	176	0
176	176	0
176	176	0
171	171	0
181	181	0
48	134	0
17	165	0
71	71	0
181	181	0
39	143	0
181	181	0
78	104	0
181	181	0
178	178	0
72	72	0
180	180	0
138	138	0
170	170	0
182	182	0
181	181	0
182	182	0
179	179	0
174	174	0
178	178	0
174	174	0
176	176	0
165	165	0
171	171	0
180	180	0
180	180	0
176	176	0
175	175	0
182	182	0
121	121	0
181	181	0
182	182	0
178	178	0
182	182	0
179	179	0
181	181	0
174	174	0
75	107	0
162	162	0
66	116	0
177	177	0
168	168	0
28	154	0
169	169	0
174	174	0
175	175	0
182	182	0
156	156	0
162	162	0
166	166	0
47	135	0
170	170	0
179	179	0
182	182	0
151	151	0
158	158	0
180	180	0
136	136	0
168	168	0
175	175	0
180	180	0
80	80	0
179	179	0
176	176	0
175	175	0
182	182	0
180	180	0
175	175	0
176	176	0
177	177	0
165	165	0
161	161	0
181	181	0
166	166	0
179	179	0
182	182	0
180	180	0
182	182	0
182	182	0
180	180	0
36	146	0
175	175	0
164	164	0
174	174	0
85	97	0
21	161	0
182	182	0
153	153	0
171	171	0
182	182	0
169	169	0
182	182	0
174	174	0
158	158	0
181	181	0
157	157	0
175	175	0
177	177	0
183	183	0
179	179	0
182	182	0
181	181	0
179	179	0
182	182	0
48	134	0
175	175	0
182	182	0
123	123	0
181	181	0
173	173	0
173	173	0
173	173	0
168	168	0
179	179	0
178	178	0
170	170	0
29	153	0
174	174	0
182	182	0
155	155	0
182	182	0
77	105	0
164	164	0
172	172	0
173	173	0
183	183	0
175	175	0
51	131	0
180	180	0
182	182	0
173	173	0
182	182	0
182	182	0
156	156	0
163	163	0
172	172	0
178	178	0
174	174	0
180	180	0
130	130	0
180	180	0
42	140	0
182	182	0
154	154	0
109	109	0
179	179	0
181	181	0
171	171	0
178	178	0
180	180	0
175	175	0
171	171	0
151	151	0
181	181	0
182	182	0
113	113	0
180	180	0
182	182	0
182	182	0
182	182	0
174	174	0
180	180	0
83	83	0
8	174	0
41	141	0
181	181	0
97	97	0
164	164	0
182	182	0
69	113	0
33	149	0
104	104	0
182	182	0
24	158	0
182	182	0
181	181	0
9	173	0
177	177	0
181	181	0
41	141	0
175	175	0
177	177	0
175	175	0
177	177	0
181	181	0
180	180	0
154	154	0
181	181	0
181	181	0
28	28	0
180	180	0
176	176	0
180	180	0
165	165	0
22	160	0
80	102	0
113	113	0
181	181	0
73	73	0
17	165	0
45	137	0
180	180	0
160	160	0
162	162	0
182	182	0
164	164	0
179	179	0
170	170	0
175	175	0
182	182	0
182	182	0
182	182	0
176	176	0
120	120	0
161	161	0
173	173	0
145	145	0
182	182	0
146	146	0
142	142	0
180	180	0
181	181	0
182	182	0
180	180	0
180	180	0
173	173	0
180	180	0
11	171	0
157	157	0
153	153	0
171	171	0
133	133	0
182	182	0
169	169	0
182	182	0
89	93	0
180	180	0
65	117	0
182	182	0
15	167	0
180	180	0
181	181	0
77	105	0
79	103	0
148	148	0
178	178	0
176	176	0
53	53	0
168	168	0
176	176	0
177	177	0
182	182	0
165	165	0
132	132	0
61	121	0
156	156	0
182	182	0
182	182	0
182	182	0
180	180	0
173	173	0
13	169	0
182	182	0
133	133	0
180	180	0
171	171	0
182	182	0
179	179	0
181	181	0
182	182	0
78	78	0
175	175	0
176	176	0
182	182	0
180	180	0
182	182	0
182	182	0
182	182	0
183	183	0
136	136	0
159	159	0
182	182	0
181	181	0
182	182	0
31	151	0
182	182	0
182	182	0
156	156	0
180	180	0
179	179	0
175	175	0
180	180	0
182	182	0
164	164	0
56	126	0
175	175	0
180	180	0
182	182	0
181	181	0
172	172	0
181	181	0
144	144	0
138	138	0
178	178	0
36	146	0
68	68	0
81	101	0
178	178	0
181	181	0
180	180	0
132	132	0
181	181	0
155	155	0
179	179	0
182	182	0
181	181	0
163	163	0
182	182	0
181	181	0
182	182	0
180	180	0
51	131	0
17	165	0
129	129	0
166	166	0
178	178	0
166	166	0
182	182	0
182	182	0
18	164	0
182	182	0
182	182	0
180	180	0
176	176	0
153	153	0
182	182	0
77	105	0
182	182	0
178	178	0
52	130	0
166	166	0
146	146	0
181	181	0
182	182	0
158	158	0
177	177	0
181	181	0
182	182	0
154	154	0
152	152	0
146	146	0
4	178	0
181	181	0
182	182	0
180	180	0
20	162	0
179	179	0
142	142	0
182	182	0
43	139	0
8	174	0
152	152	0
179	179	0
181	181	0
162	162	0
177	177	0
180	180	0
174	174	0
24	158	0
182	182	0
78	78	0
32	150	0
137	137	0
7	175	0
182	182	0
135	135	0
10	172	0
10	172	0
177	177	0
177	177	0
182	182	0
173	173	0
40	142	0
180	180	0
182	182	0
156	156	0
176	176	0
129	129	0
172	172	0
163	163	0
181	181	0
43	139	0
181	181	0
182	182	0
182	182	0
64	118	0
142	142	0
182	182	0
181	181	0
173	173	0
181	181	0
180	180	0
74	108	0
182	182	0
174	174	0
174	174	0
123	123	0
156	156	0
178	178	0
173	173	0
20	162	0
167	167	0
168	168	0
182	182	0
182	182	0
43	139	0
182	182	0
48	134	0
143	143	0
179	179	0
181	181	0
158	158	0
182	182	0
182	182	0
174	174	0
182	182	0
182	182	0
178	178	0
182	182	0
180	180	0
171	171	0
182	182	0
178	178	0
158	158	0
159	159	0
179	179	0
92	92	0
180	180	0
179	179	0
178	178	0
175	175	0
177	177	0
180	180	0
174	174	0
181	181	0
182	182	0
150	150	0
172	172	0
174	174	0
180	180	0
182	182	0
175	175	0
153	153	0
181	181	0
35	147	0
180	180	0
168	168	0
182	182	0
180	180	0
179	179	0
182	182	0
181	181	0
178	178	0
167	167	0
182	182	0
181	181	0
172	172	0
182	182	0
12	170	0
176	176	0
163	163	0
117	117	0
163	163	0
45	137	0
22	160	0
182	182	0
182	182	0
158	158	0
182	182	0
174	174	0
172	172	0
28	154	0
9	173	0
181	181	0
181	181	0
149	149	0
38	144	0
175	175	0
180	180	0
182	182	0
164	164	0
174	174	0
177	177	0
19	19	0
16	166	0
181	181	0
48	134	0
176	176	0
180	180	0
182	182	0
160	160	0
176	176	0
178	178	0
166	166	0
181	181	0
176	176	0
138	138	0
45	137	0
181	181	0
166	166	0
41	141	0
182	182	0
179	179	0
180	180	0
175	175	0
178	178	0
182	182	0
182	182	0
177	177	0
84	84	0
171	171	0
182	182	0
168	168	0
78	78	0
173	173	0
14	168	0
164	164	0
166	166	0
176	176	0
175	175	0
180	180	0
10	172	0
182	182	0
175	175	0
180	180	0
182	182	0
182	182	0
183	183	0
182	182	0
182	182	0
157	157	0
182	182	0
181	181	0
181	181	0
179	179	0
179	179	0
181	181	0
182	182	0
172	172	0
23	159	0
182	182	0
181	181	0
141	141	0
175	175	0
181	181	0
182	182	0
178	178	0
180	180	0
181	181	0
182	182	0
181	181	0
176	176	0
178	178	0
178	178	0
179	179	0
36	36	0
183	183	0
178	178	0
82	100	0
178	178	0
27	155	0
155	155	0
181	181	0
182	182	0
21	161	0
30	152	0
159	159	0
180	180	0
181	181	0
133	133	0
182	182	0
179	179	0
160	160	0
182	182	0
181	181	0
9	173	0
104	104	0
182	182	0
181	181	0
179	179	0
179	179	0
182	182	0
181	181	0
181	181	0
61	121	0
101	101	0
174	174	0
180	180	0
182	182	0
100	100	0
181	181	0
177	177	0
181	181	0
182	182	0
137	137	0
181	181	0
182	182	0
169	169	0
137	137	0
176	176	0
181	181	0
171	171	0
176	176	0
182	182	0
181	181	0
58	124	0
179	179	0
182	182	0
180	180	0
179	179	0
176	176	0
12	170	0
169	169	0
162	162	0
167	167	0
181	181	0
182	182	0
182	182	0
181	181	0
176	176	0
155	155	0
178	178	0
164	164	0
173	173	0
62	120	0
181	181	0
174	174	0
180	180	0
182	182	0
182	182	0
175	175	0
173	173	0
167	167	0
181	181	0
79	103	0
177	177	0
165	165	0
180	180	0
136	136	0
174	174	0
182	182	0
182	182	0
181	181	0
182	182	0
117	117	0
166	166	0
179	179	0
173	173	0
76	106	0
182	182	0
168	168	0
181	181	0
157	157	0
167	167	0
181	181	0
182	182	0
179	179	0
136	136	0
177	177	0
174	174	0
140	140	0
181	181	0
76	76	0
178	178	0
5	177	0
93	93	0
37	145	0
172	172	0
171	171	0
169	169	0
182	182	0
181	181	0
182	182	0
182	182	0
182	182	0
181	181	0
17	165	0
153	153	0
182	182	0
180	180	0
150	150	0
170	170	0
25	157	0
182	182	0
41	141	0
175	175	0
180	180	0
165	165	0
182	182	0
178	178	0
73	109	0
182	182	0
182	182	0
173	173	0
173	173	0
105	105	0
175	175	0
141	141	0
182	182	0
172	172	0
181	181	0
164	164	0
173	173	0
182	182	0
182	182	0
176	176	0
182	182	0
182	182	0
182	182	0
149	149	0
182	182	0
124	124	0
181	181	0
169	169	0
181	181	0
180	180	0
182	182	0
176	176	0
182	182	0
181	181	0
164	164	0
126	126	0
85	97	0
130	130	0
16	166	0
182	182	0
51	131	0
182	182	0
26	156	0
161	161	0
159	159	0
177	177	0
181	181	0
146	146	0
182	182	0
180	180	0
176	176	0
182	182	0
182	182	0
179	179	0
170	170	0
176	176	0
182	182	0
181	181	0
165	165	0
176	176	0
175	175	0
177	177	0
180	180	0
174	174	0
176	176	0
22	160	0
142	142	0
182	182	0
171	171	0
42	140	0
181	181	0
182	182	0
182	182	0
176	176	0
172	172	0
181	181	0
176	176	0
179	179	0
181	181	0
180	180	0
163	163	0
27	155	0
79	79	0
182	182	0
182	182	0
181	181	0
175	175	0
181	181	0
182	182	0
104	104	0
154	154	0
182	182	0
71	111	0
180	180	0
175	175	0
162	162	0
182	182	0
178	178	0
175	175	0
34	148	0
177	177	0
173	173	0
179	179	0
53	53	0
176	176	0
182	182	0
182	182	0
122	122	0
178	178	0
64	118	0
77	105	0
182	182	0
181	181	0
162	162	0
32	150	0
179	179	0
182	182	0
38	144	0
180	180	0
182	182	0
147	147	0
182	182	0
177	177	0
182	182	0
20	162	0
171	171	0
182	182	0
182	182	0
178	178	0
182	182	0
174	174	0
181	181	0
166	166	0
182	182	0
128	128	0
142	142	0
181	181	0
167	167	0
168	168	0
169	169	0
165	165	0
182	182	0
173	173	0
171	171	0
174	174	0
182	182	0
180	180	0
182	182	0
182	182	0
169	169	0
180	180	0
174	174	0
66	116	0
122	122	0
33	149	0
180	180	0
73	109	0
182	182	0
178	178	0
182	182	0
149	149	0
69	113	0
124	124	0
24	158	0
174	174	0
178	178	0
182	182	0
175	175	0
89	93	0
182	182	0
171	171	0
182	182	0
177	177	0
171	171	0
5	177	0
175	175	0
182	182	0
182	182	0
24	158	0
33	149	0
29	29	0
181	181	0
181	181	0
182	182	0
130	130	0
182	182	0
171	171	0
154	154	0
171	171	0
154	154	0
181	181	0
174	174	0
182	182	0
170	170	0
174	174	0
182	182	0
182	182	0
182	182	0
181	181	0
173	173	0
182	182	0
182	182	0
181	181	0
183	183	0
181	181	0
27	155	0
180	180	0
176	176	0
155	155	0
181	181	0
104	104	0
182	182	0
178	178	0
65	117	0
180	180	0
142	142	0
182	182	0
182	182	0
179	179	0
181	181	0
178	178	0
24	158	0
180	180	0
169	169	0
174	174	0
13	169	0
50	132	0
178	178	0
164	164	0
176	176	0
169	169	0
165	165	0
182	182	0
170	170	0
182	182	0
181	181	0
181	181	0
48	48	0
161	161	0
180	180	0
179	179	0
177	177	0
161	161	0
170	170	0
169	169	0
147	147	0
145	145	0
178	178	0
181	181	0
147	147	0
19	163	0
169	169	0
177	177	0
5	177	0
164	164	0
182	182	0
182	182	0
181	181	0
178	178	0
83	99	0
30	152	0
56	126	0
76	106	0
137	137	0
181	181	0
182	182	0
182	182	0
180	180	0
175	175	0
182	182	0
170	170	0
172	172	0
182	182	0
181	181	0
165	165	0
146	146	0
89	93	0
181	181	0
182	182	0
176	176	0
182	182	0
109	109	0
182	182	0
182	182	0
152	152	0
182	182	0
182	182	0
177	177	0
173	173	0
182	182	0
180	180	0
154	154	0
175	175	0
179	179	0
175	175	0
179	179	0
177	177	0
179	179	0
182	182	0
180	180	0
181	181	0
182	182	0
167	167	0
182	182	0
182	182	0
164	164	0
169	169	0
137	137	0
74	108	0
6	176	0
131	131	0
51	51	0
18	164	0
120	120	0
177	177	0
180	180	0
182	182	0
170	170	0
143	143	0
181	181	0
179	179	0
181	181	0
178	178	0
179	179	0
175	175	0
159	159	0
175	175	0
178	178	0
179	179	0
182	182	0
182	182	0
179	179	0
182	182	0
164	164	0
181	181	0
182	182	0
173	173	0
180	180	0
161	161	0
182	182	0
176	176	0
181	181	0
182	182	0
166	166	0
163	163	0
11	171	0
19	163	0
181	181	0
88	94	0
182	182	0
182	182	0
175	175	0
19	163	0
182	182	0
181	181	0
182	182	0
181	181	0
73	73	0
182	182	0
175	175	0
138	138	0
178	178	0
182	182	0
181	181	0
182	182	0
182	182	0
181	181	0
180	180	0
174	174	0
179	179	0
182	182	0
182	182	0
182	182	0
59	123	0
182	182	0
182	182	0
82	100	0
30	152	0
167	167	0
178	178	0
128	128	0
180	180	0
182	182	0
175	175	0
182	182	0
130	130	0
171	171	0
172	172	0
182	182	0
182	182	0
182	182	0
168	168	0
175	175	0
182	182	0
169	169	0
96	96	0
182	182	0
146	146	0
181	181	0
178	178	0
30	152	0
179	179	0
63	119	0
122	122	0
182	182	0
176	176	0
181	181	0
182	182	0
75	75	0
178	178	0
170	170	0
183	183	0
175	175	0
181	181	0
47	135	0
180	180	0
4	178	0
180	180	0
182	182	0
128	128	0
176	176	0
182	182	0
86	96	0
180	180	0
179	179	0
182	182	0
182	182	0
178	178	0
182	182	0
182	182	0
158	158	0
182	182	0
182	182	0
182	182	0
181	181	0
182	182	0
180	180	0
176	176	0
182	182	0
134	134	0
180	180	0
182	182	0
4	178	0
182	182	0
182	182	0
182	182	0
164	164	0
154	154	0
146	146	0
142	142	0
182	182	0
19	163	0
182	182	0
177	177	0
3	179	0
171	171	0
182	182	0
182	182	0
182	182	0
180	180	0
178	178	0
10	172	0
176	176	0
182	182	0
179	179	0
80	102	0
156	156	0
181	181	0
119	119	0
4	178	0
179	179	0
182	182	0
178	178	0
181	181	0
156	156	0
179	179	0
182	182	0
182	182	0
152	152	0
165	165	0
165	165	0
182	182	0
173	173	0
179	179	0
176	176	0
182	182	0
165	165	0
182	182	0
182	182	0
158	158	0
161	161	0
174	174	0
160	160	0
176	176	0
182	182	0
182	182	0
182	182	0
182	182	0
179	179	0
165	165	0
182	182	0
173	173	0
173	173	0
176	176	0
182	182	0
166	166	0
182	182	0
174	174	0
40	142	0
127	127	0
178	178	0
178	178	0
170	170	0
179	179	0
178	178	0
174	174	0
180	180	0
164	164	0
152	152	0
173	173	0
31	151	0
177	177	0
50	132	0
165	165	0
180	180	0
175	175	0
183	183	0
172	172	0
179	179	0
178	178	0
170	170	0
168	168	0
181	181	0
182	182	0
180	180	0
182	182	0
158	158	0
182	182	0
163	163	0
31	151	0
147	147	0
172	172	0
176	176	0
176	176	0
169	169	0
182	182	0
182	182	0
119	119	0
9	173	0
182	182	0
182	182	0
142	142	0
49	49	0
159	159	0
180	180	0
174	174	0
86	96	0
177	177	0
182	182	0
52	52	0
56	56	0
159	159	0
40	142	0
182	182	0
162	162	0
181	181	0
182	182	0
182	182	0
182	182	0
182	182	0
182	182	0
173	173	0
73	109	0
182	182	0
182	182	0
182	182	0
176	176	0
174	174	0
180	180	0
178	178	0
181	181	0
166	166	0
182	182	0
179	179	0
182	182	0
165	165	0
179	179	0
152	152	0
161	161	0
182	182	0
182	182	0
181	181	0
181	181	0
65	65	0
181	181	0
182	182	0
132	132	0
182	182	0
178	178	0
160	160	0
178	178	0
182	182	0
86	96	0
179	179	0
181	181	0
159	159	0
71	111	0
166	166	0
182	182	0
182	182	0
180	180	0
182	182	0
179	179	0
174	174	0
179	179	0
181	181	0
182	182	0
82	100	0
146	146	0
166	166	0
174	174	0
172	172	0
179	179	0
50	132	0
183	183	0
148	148	0
178	178	0
182	182	0
180	180	0
182	182	0
124	124	0
63	119	0
181	181	0
180	180	0
141	141	0
172	172	0
180	180	0
177	177	0
173	173	0
170	170	0
181	181	0
181	181	0
172	172	0
181	181	0
169	169	0
176	176	0
174	174	0
182	182	0
57	125	0
136	136	0
65	117	0
182	182	0
178	178	0
182	182	0
179	179	0
182	182	0
37	145	0
174	174	0
179	179	0
178	178	0
170	170	0
168	168	0
164	164	0
109	109	0
179	179	0
174	174	0
182	182	0
182	182	0
33	33	0
175	175	0
17	165	0
181	181	0
182	182	0
181	181	0
167	167	0
174	174	0
180	180	0
181	181	0
120	120	0
172	172	0
181	181	0
180	180	0
182	182	0
177	177	0
182	182	0
15	167	0
179	179	0
179	179	0
182	182	0
153	153	0
6	176	0
178	178	0
171	171	0
163	163	0
181	181	0
182	182	0
28	154	0
182	182	0
127	127	0
181	181	0
39	143	0
174	174	0
21	161	0
175	175	0
51	131	0
140	140	0
159	159	0
182	182	0
166	166	0
182	182	0
181	181	0
179	179	0
176	176	0
181	181	0
182	182	0
179	179	0
175	175	0
84	98	0
182	182	0
97	97	0
58	124	0
9	173	0
178	178	0
145	145	0
156	156	0
94	94	0
182	182	0
39	143	0
169	169	0
182	182	0
179	179	0
178	178	0
80	102	0
165	165	0
182	182	0
57	125	0
169	169	0
179	179	0
180	180	0
181	181	0
181	181	0
177	177	0
171	171	0
182	182	0
157	157	0
22	160	0
182	182	0
168	168	0
179	179	0
182	182	0
159	159	0
63	119	0
176	176	0
154	154	0
178	178	0
71	71	0
182	182	0
164	164	0
181	181	0
180	180	0
148	148	0
168	168	0
174	174	0
7	175	0
142	142	0
168	168	0
182	182	0
151	151	0
179	179	0
179	179	0
177	177	0
24	158	0
181	181	0
32	150	0
182	182	0
179	179	0
51	131	0
177	177	0
160	160	0
182	182	0
182	182	0
182	182	0
168	168	0
79	79	0
180	180	0
65	117	0
182	182	0
182	182	0
182	182	0
182	182	0
176	176	0
160	160	0
176	176	0
168	168	0
169	169	0
174	174	0
35	147	0
43	139	0
76	76	0
178	178	0
182	182	0
174	174	0
166	166	0
54	128	0
179	179	0
179	179	0
181	181	0
178	178	0
175	175	0
63	119	0
182	182	0
169	169	0
182	182	0
116	116	0
182	182	0
80	102	0
164	164	0
174	174	0
160	160	0
81	81	0
145	145	0
179	179	0
182	182	0
182	182	0
183	183	0
182	182	0
179	179	0
178	178	0
178	178	0
175	175	0
159	159	0
146	146	0
182	182	0
181	181	0
150	150	0
177	177	0
176	176	0
178	178	0
176	176	0
158	158	0
179	179	0
178	178	0
175	175	0
181	181	0
81	101	0
177	177	0
181	181	0
179	179	0
44	138	0
180	180	0
153	153	0
171	171	0
171	171	0
146	146	0
180	180	0
180	180	0
179	179	0
175	175	0
174	174	0
119	119	0
182	182	0
175	175	0
181	181	0
150	150	0
49	49	0
176	176	0
182	182	0
151	151	0
18	164	0
182	182	0
162	162	0
182	182	0
179	179	0
182	182	0
182	182	0
180	180	0
180	180	0
177	177	0
179	179	0
175	175	0
176	176	0
182	182	0
179	179	0
178	178	0
172	172	0
57	125	0
168	168	0
181	181	0
182	182	0
71	71	0
105	105	0
166	166	0
6	176	0
151	151	0
178	178	0
34	148	0
119	119	0
179	179	0
174	174	0
180	180	0
182	182	0
91	91	0
159	159	0
180	180	0
182	182	0
177	177	0
168	168	0
177	177	0
169	169	0
175	175	0
155	155	0
181	181	0
175	175	0
182	182	0
164	164	0
177	177	0
181	181	0
174	174	0
182	182	0
115	115	0
27	155	0
163	163	0
151	151	0
178	178	0
182	182	0
177	177	0
181	181	0
182	182	0
181	181	0
182	182	0
175	175	0
54	128	0
181	181	0
170	170	0
78	78	0
180	180	0
85	85	0
175	175	0
180	180	0
1	181	0
164	164	0
181	181	0
181	181	0
181	181	0
169	169	0
165	165	0
182	182	0
67	115	0
148	148	0
174	174	0
182	182	0
179	179	0
19	163	0
22	160	0
182	182	0
182	182	0
171	171	0
69	113	0
181	181	0
175	175	0
182	182	0
174	174	0
175	175	0
106	106	0
173	173	0
178	178	0
161	161	0
171	171	0
168	168	0
171	171	0
180	180	0
177	177	0
71	71	0
182	182	0
1	181	0
60	122	0
181	181	0
133	133	0
75	107	0
167	167	0
178	178	0
181	181	0
180	180	0
158	158	0
169	169	0
182	182	0
10	172	0
88	94	0
172	172	0
65	117	0
131	131	0
182	182	0
165	165	0
179	179	0
149	149	0
180	180	0
181	181	0
121	121	0
159	159	0
181	181	0
178	178	0
168	168	0
176	176	0
181	181	0
173	173	0
182	182	0
159	159	0
182	182	0
174	174	0
180	180	0
182	182	0
161	161	0
176	176	0
171	171	0
182	182	0
169	169	0
177	177	0
173	173	0
171	171	0
178	178	0
165	165	0
176	176	0
181	181	0
156	156	0
181	181	0
144	144	0
46	136	0
182	182	0
182	182	0
180	180	0
182	182	0
178	178	0
104	104	0
173	173	0
182	182	0
172	172	0
152	152	0
179	179	0
174	174	0
182	182	0
178	178	0
182	182	0
156	156	0
182	182	0
182	182	0
181	181	0
163	163	0
174	174	0
182	182	0
170	170	0
154	154	0
161	161	0
171	171	0
162	162	0
179	179	0
5	177	0
126	126	0
71	111	0
170	170	0
182	182	0
176	176	0
174	174	0
174	174	0
182	182	0
85	85	0
53	53	0
171	171	0
182	182	0
178	178	0
169	169	0
182	182	0
179	179	0
175	175	0
182	182	0
180	180	0
175	175	0
178	178	0
156	156	0
28	154	0
138	138	0
174	174	0
179	179	0
170	170	0
170	170	0
182	182	0
21	161	0
181	181	0
182	182	0
182	182	0
181	181	0
182	182	0
171	171	0
173	173	0
180	180	0
180	180	0
28	154	0
181	181	0
181	181	0
114	114	0
181	181	0
179	179	0
178	178	0
182	182	0
178	178	0
180	180	0
180	180	0
182	182	0
154	154	0
155	155	0
24	158	0
48	134	0
179	179	0
182	182	0
182	182	0
181	181	0
182	182	0
182	182	0
153	153	0
166	166	0
154	154	0
168	168	0
156	156	0
181	181	0
27	155	0
182	182	0
182	182	0
121	121	0
77	105	0
31	151	0
177	177	0
182	182	0
130	130	0
161	161	0
182	182	0
176	176	0
158	158	0
74	108	0
75	107	0
16	16	0
73	109	0
182	182	0
178	178	0
179	179	0
126	126	0
161	161	0
26	26	0
176	176	0
182	182	0
174	174	0
178	178	0
180	180	0
181	181	0
164	164	0
8	174	0
65	117	0
178	178	0
179	179	0
88	94	0
178	178	0
6	176	0
182	182	0
180	180	0
182	182	0
155	155	0
177	177	0
182	182	0
182	182	0
33	149	0
182	182	0
182	182	0
179	179	0
178	178	0
182	182	0
158	158	0
182	182	0
180	180	0
90	92	0
148	148	0
35	147	0
177	177	0
180	180	0
68	114	0
168	168	0
146	146	0
168	168	0
166	166	0
182	182	0
180	180	0
174	174	0
172	172	0
181	181	0
177	177	0
181	181	0
155	155	0
174	174	0
108	108	0
167	167	0
168	168	0
177	177	0
172	172	0
29	153	0
139	139	0
151	151	0
181	181	0
30	152	0
164	164	0
153	153	0
45	137	0
177	177	0
176	176	0
182	182	0
171	171	0
170	170	0
66	116	0
174	174	0
182	182	0
168	168	0
177	177	0
152	152	0
181	181	0
59	123	0
182	182	0
16	166	0
141	141	0
165	165	0
14	168	0
177	177	0
182	182	0
182	182	0
181	181	0
172	172	0
176	176	0
130	130	0
172	172	0
177	177	0
164	164	0
15	167	0
181	181	0
182	182	0
145	145	0
181	181	0
182	182	0
182	182	0
179	179	0
126	126	0
182	182	0
178	178	0
182	182	0
64	118	0
69	113	0
162	162	0
182	182	0
172	172	0
169	169	0
180	180	0
176	176	0
176	176	0
176	176	0
171	171	0
176	176	0
181	181	0
169	169	0
173	173	0
176	176	0
46	136	0
170	170	0
166	166	0
179	179	0
170	170	0
182	182	0
168	168	0
161	161	0
181	181	0
182	182	0
176	176	0
178	178	0
177	177	0
161	161	0
182	182	0
182	182	0
170	170	0
182	182	0
161	161	0
182	182	0
144	144	0
179	179	0
180	180	0
124	124	0
178	178	0
182	182	0
182	182	0
182	182	0
140	140	0
162	162	0
177	177	0
171	171	0
179	179	0
182	182	0
182	182	0
118	118	0
182	182	0
182	182	0
37	37	0
182	182	0
174	174	0
27	155	0
178	178	0
135	135	0
181	181	0
174	174	0
182	182	0
160	160	0
158	158	0
85	85	0
165	165	0
182	182	0
182	182	0
181	181	0
178	178	0
26	156	0
38	144	0
182	182	0
176	176	0
172	172	0
37	145	0
180	180	0
177	177	0
70	70	0
182	182	0
182	182	0
180	180	0
159	159	0
171	171	0
169	169	0
176	176	0
170	170	0
182	182	0
139	139	0
182	182	0
177	177	0
169	169	0
181	181	0
140	140	0
178	178	0
175	175	0
182	182	0
181	181	0
181	181	0
183	183	0
177	177	0
41	141	0
35	147	0
81	101	0
159	159	0
174	174	0
172	172	0
89	93	0
179	179	0
182	182	0
182	182	0
182	182	0
179	179	0
41	41	0
180	180	0
59	123	0
152	152	0
87	87	0
169	169	0
3	179	0
30	152	0
177	177	0
182	182	0
182	182	0
153	153	0
181	181	0
174	174	0
181	181	0
175	175	0
165	165	0
168	168	0
181	181	0
31	151	0
176	176	0
182	182	0
182	182	0
178	178	0
182	182	0
179	179	0
182	182	0
172	172	0
75	107	0
182	182	0
174	174	0
182	182	0
171	171	0
158	158	0
180	180	0
180	180	0
169	169	0
26	156	0
127	127	0
166	166	0
172	172	0
180	180	0
181	181	0
182	182	0
173	173	0
182	182	0
180	180	0
182	182	0
98	98	0
182	182	0
182	182	0
175	175	0
176	176	0
181	181	0
128	128	0
168	168	0
167	167	0
181	181	0
181	181	0
173	173	0
182	182	0
182	182	0
182	182	0
182	182	0
180	180	0
175	175	0
181	181	0
179	179	0
175	175	0
182	182	0
85	85	0
182	182	0
62	120	0
166	166	0
180	180	0
182	182	0
172	172	0
182	182	0
160	160	0
176	176	0
117	117	0
165	165	0
51	51	0
182	182	0
172	172	0
158	158	0
59	123	0
182	182	0
52	130	0
173	173	0
182	182	0
172	172	0
170	170	0
164	164	0
180	180	0
74	74	0
73	73	0
175	175	0
178	178	0
181	181	0
106	106	0
176	176	0
180	180	0
182	182	0
176	176	0
7	175	0
172	172	0
64	64	0
181	181	0
157	157	0
176	176	0
175	175	0
182	182	0
178	178	0
178	178	0
180	180	0
175	175	0
129	129	0
181	181	0
176	176	0
147	147	0
181	181	0
103	103	0
182	182	0
50	132	0
19	163	0
180	180	0
182	182	0
182	182	0
173	173	0
167	167	0
85	85	0
169	169	0
182	182	0
150	150	0
182	182	0
182	182	0
183	183	0
144	144	0
182	182	0
28	154	0
181	181	0
182	182	0
161	161	0
5	177	0
181	181	0
157	157	0
182	182	0
181	181	0
174	174	0
171	171	0
176	176	0
182	182	0
178	178	0
182	182	0
10	172	0
177	177	0
166	166	0
177	177	0
168	168	0
182	182	0
182	182	0
181	181	0
179	179	0
171	171	0
180	180	0
182	182	0
181	181	0
180	180	0
182	182	0
182	182	0
181	181	0
175	175	0
182	182	0
176	176	0
68	114	0
178	178	0
180	180	0
163	163	0
175	175	0
180	180	0
99	99	0
176	176	0
80	102	0
73	109	0
182	182	0
181	181	0
176	176	0
182	182	0
169	169	0
18	164	0
163	163	0
162	162	0
182	182	0
181	181	0
160	160	0
181	181	0
182	182	0
182	182	0
173	173	0
161	161	0
180	180	0
168	168	0
182	182	0
174	174	0
182	182	0
171	171	0
168	168	0
182	182	0
181	181	0
182	182	0
165	165	0
181	181	0
176	176	0
41	141	0
182	182	0
181	181	0
176	176	0
170	170	0
177	177	0
42	140	0
177	177	0
26	156	0
181	181	0
182	182	0
161	161	0
175	175	0
182	182	0
8	174	0
177	177	0
179	179	0
177	177	0
177	177	0
169	169	0
179	179	0
182	182	0
27	155	0
177	177	0
180	180	0
181	181	0
182	182	0
182	182	0
179	179	0
169	169	0
182	182	0
181	181	0
182	182	0
173	173	0
182	182	0
18	164	0
165	165	0
182	182	0
182	182	0
173	173	0
168	168	0
170	170	0
180	180	0
150	150	0
178	178	0
181	181	0
182	182	0
180	180	0
173	173	0
181	181	0
178	178	0
182	182	0
182	182	0
89	89	0
182	182	0
182	182	0
127	127	0
116	116	0
177	177	0
66	66	0
181	181	0
171	171	0
172	172	0
182	182	0
166	166	0
178	178	0
126	126	0
59	123	0
176	176	0
180	180	0
180	180	0
182	182	0
181	181	0
172	172	0
178	178	0
162	162	0
41	141	0
182	182	0
182	182	0
181	181	0
180	180	0
182	182	0
181	181	0
181	181	0
131	131	0
31	151	0
156	156	0
175	175	0
181	181	0
60	122	0
156	156	0
182	182	0
167	167	0
178	178	0
182	182	0
168	168	0
179	179	0
172	172	0
182	182	0
182	182	0
170	170	0
182	182	0
182	182	0
182	182	0
178	178	0
152	152	0
179	179	0
180	180	0
81	101	0
74	74	0
181	181	0
164	164	0
165	165	0
173	173	0
176	176	0
179	179	0
9	173	0
179	179	0
174	174	0
179	179	0
180	180	0
14	168	0
154	154	0
67	115	0
182	182	0
173	173	0
175	175	0
180	180	0
182	182	0
181	181	0
146	146	0
182	182	0
182	182	0
178	178	0
155	155	0
181	181	0
178	178	0
179	179	0
158	158	0
54	128	0
168	168	0
168	168	0
180	180	0
178	178	0
124	124	0
163	163	0
177	177	0
145	145	0
177	177	0
34	148	0
178	178	0
149	149	0
158	158	0
181	181	0
182	182	0
180	180	0
182	182	0
182	182	0
173	173	0
167	167	0
178	178	0
60	122	0
176	176	0
174	174	0
173	173	0
178	178	0
51	131	0
179	179	0
171	171	0
60	122	0
173	173	0
175	175	0
158	158	0
182	182	0
149	149	0
153	153	0
175	175	0
181	181	0
180	180	0
27	155	0
181	181	0
182	182	0
182	182	0
182	182	0
158	158	0
178	178	0
136	136	0
182	182	0
182	182	0
182	182	0
75	75	0
162	162	0
182	182	0
180	180	0
181	181	0
172	172	0
180	180	0
170	170	0
170	170	0
171	171	0
169	169	0
120	120	0
177	177	0
181	181	0
180	180	0
138	138	0
14	168	0
147	147	0
162	162	0
175	175	0
176	176	0
181	181	0
165	165	0
12	170	0
177	177	0
182	182	0
175	175	0
133	133	0
178	178	0
179	179	0
177	177	0
69	113	0
181	181	0
128	128	0
173	173	0
178	178	0
182	182	0
173	173	0
86	86	0
151	151	0
181	181	0
174	174	0
159	159	0
140	140	0
179	179	0
167	167	0
182	182	0
182	182	0
182	182	0
175	175	0
182	182	0
182	182	0
182	182	0
181	181	0
179	179	0
181	181	0
52	52	0
115	115	0
179	179	0
143	143	0
175	175	0
159	159	0
33	149	0
162	162	0
166	166	0
153	153	0
176	176	0
151	151	0
174	174	0
181	181	0
135	135	0
182	182	0
182	182	0
166	166	0
182	182	0
167	167	0
175	175	0
163	163	0
171	171	0
182	182	0
175	175	0
85	97	0
164	164	0
8	174	0
174	174	0
181	181	0
146	146	0
87	95	0
163	163	0
174	174	0
173	173	0
108	108	0
177	177	0
180	180	0
180	180	0
181	181	0
180	180	0
84	98	0
182	182	0
174	174	0
160	160	0
182	182	0
126	126	0
50	132	0
180	180	0
181	181	0
142	142	0
73	73	0
168	168	0
181	181	0
182	182	0
177	177	0
92	92	0
179	179	0
182	182	0
181	181	0
168	168	0
169	169	0
158	158	0
171	171	0
135	135	0
180	180	0
169	169	0
181	181	0
158	158	0
177	177	0
164	164	0
59	123	0
22	160	0
177	177	0
164	164	0
151	151	0
79	103	0
176	176	0
174	174	0
171	171	0
137	137	0
176	176	0
181	181	0
74	108	0
111	111	0
167	167	0
172	172	0
174	174	0
170	170	0
163	163	0
150	150	0
20	162	0
169	169	0
177	177	0
181	181	0
176	176	0
182	182	0
182	182	0
182	182	0
182	182	0
154	154	0
181	181	0
177	177	0
176	176	0
131	131	0
15	167	0
4	178	0
65	117	0
176	176	0
182	182	0
135	135	0
181	181	0
180	180	0
179	179	0
181	181	0
116	116	0
182	182	0
181	181	0
182	182	0
181	181	0
179	179	0
181	181	0
181	181	0
23	159	0
171	171	0
60	122	0
181	181	0
177	177	0
182	182	0
179	179	0
180	180	0
174	174	0
177	177	0
176	176	0
182	182	0
182	182	0
159	159	0
178	178	0
174	174	0
69	113	0
182	182	0
132	132	0
164	164	0
182	182	0
141	141	0
180	180	0
175	175	0
58	124	0
181	181	0
170	170	0
182	182	0
180	180	0
162	162	0
144	144	0
181	181	0
173	173	0
181	181	0
173	173	0
182	182	0
182	182	0
175	175	0
179	179	0
178	178	0
63	119	0
4	178	0
27	155	0
182	182	0
142	142	0
182	182	0
179	179	0
182	182	0
177	177	0
182	182	0
125	125	0
180	180	0
166	166	0
141	141	0
17	165	0
93	93	0
182	182	0
182	182	0
125	125	0
52	130	0
181	181	0
172	172	0
182	182	0
182	182	0
169	169	0
180	180	0
178	178	0
46	136	0
171	171	0
170	170	0
182	182	0
111	111	0
38	38	0
182	182	0
175	175	0
171	171	0
182	182	0
161	161	0
182	182	0
74	108	0
181	181	0
38	144	0
182	182	0
179	179	0
146	146	0
174	174	0
182	182	0
146	146	0
79	103	0
155	155	0
179	179	0
179	179	0
182	182	0
172	172	0
180	180	0
182	182	0
16	16	0
63	119	0
160	160	0
68	114	0
181	181	0
180	180	0
182	182	0
181	181	0
169	169	0
181	181	0
180	180	0
152	152	0
180	180	0
180	180	0
182	182	0
176	176	0
181	181	0
182	182	0
183	183	0
173	173	0
150	150	0
163	163	0
89	93	0
176	176	0
163	163	0
162	162	0
173	173	0
12	170	0
181	181	0
182	182	0
84	84	0
182	182	0
177	177	0
168	168	0
170	170	0
182	182	0
178	178	0
121	121	0
180	180	0
91	91	0
181	181	0
180	180	0
182	182	0
178	178	0
68	114	0
180	180	0
181	181	0
182	182	0
56	126	0
182	182	0
182	182	0
53	129	0
124	124	0
180	180	0
58	124	0
178	178	0
178	178	0
171	171	0
179	179	0
180	180	0
175	175	0
152	152	0
39	143	0
5	177	0
182	182	0
180	180	0
77	105	0
171	171	0
117	117	0
181	181	0
182	182	0
179	179	0
178	178	0
43	139	0
177	177	0
74	74	0
178	178	0
182	182	0
182	182	0
182	182	0
162	162	0
182	182	0
154	154	0
176	176	0
180	180	0
182	182	0
179	179	0
168	168	0
174	174	0
174	174	0
86	96	0
104	104	0
176	176	0
127	127	0
130	130	0
181	181	0
182	182	0
173	173	0
30	152	0
46	136	0
181	181	0
182	182	0
182	182	0
177	177	0
163	163	0
182	182	0
179	179	0
177	177	0
176	176	0
157	157	0
85	97	0
179	179	0
176	176	0
181	181	0
165	165	0
155	155	0
182	182	0
178	178	0
182	182	0
136	136	0
182	182	0
175	175	0
179	179	0
54	128	0
182	182	0
168	168	0
179	179	0
148	148	0
180	180	0
182	182	0
178	178	0
181	181	0
182	182	0
182	182	0
85	97	0
174	174	0
83	99	0
164	164	0
10	172	0
182	182	0
162	162	0
182	182	0
182	182	0
170	170	0
180	180	0
182	182	0
174	174	0
182	182	0
176	176	0
181	181	0
180	180	0
155	155	0
170	170	0
34	148	0
177	177	0
61	61	0
46	136	0
183	183	0
182	182	0
170	170	0
178	178	0
143	143	0
140	140	0
111	111	0
163	163	0
174	174	0
181	181	0
181	181	0
172	172	0
36	146	0
169	169	0
179	179	0
182	182	0
182	182	0
181	181	0
182	182	0
50	50	0
161	161	0
182	182	0
167	167	0
168	168	0
109	109	0
182	182	0
181	181	0
182	182	0
179	179	0
182	182	0
182	182	0
182	182	0
182	182	0
132	132	0
182	182	0
172	172	0
178	178	0
152	152	0
156	156	0
180	180	0
154	154	0
174	174	0
182	182	0
170	170	0
8	174	0
175	175	0
176	176	0
62	62	0
179	179	0
155	155	0
182	182	0
155	155	0
57	125	0
54	54	0
17	165	0
182	182	0
182	182	0
178	178	0
180	180	0
182	182	0
178	178	0
179	179	0
174	174	0
182	182	0
176	176	0
181	181	0
181	181	0
170	170	0
182	182	0
13	169	0
181	181	0
182	182	0
174	174	0
48	134	0
176	176	0
180	180	0
81	81	0
169	169	0
17	165	0
177	177	0
153	153	0
172	172	0
176	176	0
25	157	0
16	166	0
122	122	0
175	175	0
140	140	0
161	161	0
181	181	0
178	178	0
182	182	0
175	175	0
180	180	0
166	166	0
175	175	0
182	182	0
9	173	0
182	182	0
180	180	0
181	181	0
169	169	0
180	180	0
182	182	0
182	182	0
182	182	0
178	178	0
159	159	0
179	179	0
183	183	0
166	166	0
180	180	0
168	168	0
182	182	0
182	182	0
182	182	0
180	180	0
168	168	0
170	170	0
69	113	0
107	107	0
179	179	0
153	153	0
181	181	0
150	150	0
116	116	0
182	182	0
182	182	0
182	182	0
168	168	0
173	173	0
182	182	0
156	156	0
181	181	0
173	173	0
145	145	0
181	181	0
162	162	0
181	181	0
59	123	0
178	178	0
168	168	0
177	177	0
158	158	0
181	181	0
53	129	0
182	182	0
176	176	0
168	168	0
176	176	0
169	169	0
175	175	0
176	176	0
22	22	0
174	174	0
161	161	0
170	170	0
181	181	0
182	182	0
176	176	0
181	181	0
180	180	0
182	182	0
181	181	0
9	173	0
181	181	0
173	173	0
163	163	0
182	182	0
179	179	0
172	172	0
180	180	0
65	117	0
175	175	0
167	167	0
161	161	0
163	163	0
177	177	0
172	172	0
180	180	0
182	182	0
174	174	0
182	182	0
155	155	0
180	180	0
170	170	0
21	161	0
181	181	0
175	175	0
163	163	0
182	182	0
181	181	0
182	182	0
163	163	0
61	121	0
179	179	0
173	173	0
171	171	0
141	141	0
180	180	0
183	183	0
176	176	0
179	179	0
172	172	0
167	167	0
182	182	0
174	174	0
120	120	0
174	174	0
169	169	0
182	182	0
153	153	0
182	182	0
182	182	0
182	182	0
179	179	0
123	123	0
166	166	0
172	172	0
177	177	0
167	167	0
183	183	0
180	180	0
182	182	0
177	177	0
86	86	0
38	144	0
177	177	0
165	165	0
182	182	0
182	182	0
182	182	0
165	165	0
163	163	0
179	179	0
177	177	0
61	121	0
157	157	0
162	162	0
150	150	0
174	174	0
67	115	0
166	166	0
178	178	0
179	179	0
182	182	0
157	157	0
143	143	0
182	182	0
63	119	0
175	175	0
182	182	0
181	181	0
169	169	0
179	179	0
177	177	0
177	177	0
161	161	0
180	180	0
174	174	0
180	180	0
181	181	0
164	164	0
180	180	0
90	92	0
8	174	0
161	161	0
160	160	0
52	130	0
146	146	0
158	158	0
33	149	0
182	182	0
180	180	0
25	157	0
152	152	0
181	181	0
176	176	0
168	168	0
176	176	0
180	180	0
9	173	0
182	182	0
182	182	0
175	175	0
144	144	0
170	170	0
179	179	0
161	161	0
142	142	0
170	170	0
168	168	0
143	143	0
47	135	0
171	171	0
179	179	0
179	179	0
57	125	0
181	181	0
178	178	0
180	180	0
182	182	0
183	183	0
175	175	0
160	160	0
173	173	0
66	66	0
146	146	0
179	179	0
174	174	0
31	151	0
182	182	0
182	182	0
75	107	0
177	177	0
182	182	0
155	155	0
169	169	0
22	160	0
165	165	0
172	172	0
181	181	0
182	182	0
178	178	0
176	176	0
153	153	0
181	181	0
3	3	0
172	172	0
152	152	0
9	173	0
167	167	0
153	153	0
18	164	0
152	152	0
182	182	0
171	171	0
169	169	0
111	111	0
182	182	0
177	177	0
17	165	0
174	174	0
153	153	0
182	182	0
180	180	0
18	164	0
182	182	0
53	129	0
181	181	0
15	167	0
174	174	0
139	139	0
55	127	0
182	182	0
172	172	0
50	50	0
164	164	0
131	131	0
150	150	0
169	169	0
181	181	0
182	182	0
181	181	0
51	131	0
44	138	0
162	162	0
182	182	0
176	176	0
153	153	0
181	181	0
147	147	0
89	89	0
170	170	0
182	182	0
41	141	0
177	177	0
178	178	0
34	34	0
78	104	0
160	160	0
176	176	0
86	96	0
101	101	0
120	120	0
180	180	0
179	179	0
35	147	0
166	166	0
180	180	0
181	181	0
181	181	0
181	181	0
182	182	0
172	172	0
168	168	0
179	179	0
182	182	0
170	170	0
140	140	0
151	151	0
182	182	0
171	171	0
150	150	0
182	182	0
182	182	0
182	182	0
78	104	0
168	168	0
178	178	0
182	182	0
164	164	0
178	178	0
182	182	0
180	180	0
178	178	0
182	182	0
180	180	0
172	172	0
136	136	0
180	180	0
182	182	0
182	182	0
183	183	0
180	180	0
175	175	0
168	168	0
170	170	0
181	181	0
27	155	0
172	172	0
163	163	0
183	183	0
39	143	0
180	180	0
180	180	0
180	180	0
178	178	0
180	180	0
173	173	0
181	181	0
176	176	0
181	181	0
182	182	0
174	174	0
179	179	0
65	117	0
174	174	0
167	167	0
182	182	0
182	182	0
39	143	0
176	176	0
181	181	0
178	178	0
84	98	0
181	181	0
175	175	0
178	178	0
181	181	0
100	100	0
180	180	0
179	179	0
169	169	0
152	152	0
158	158	0
38	144	0
164	164	0
182	182	0
178	178	0
171	171	0
180	180	0
137	137	0
165	165	0
165	165	0
178	178	0
181	181	0
150	150	0
182	182	0
51	131	0
178	178	0
182	182	0
173	173	0
182	182	0
182	182	0
180	180	0
182	182	0
33	149	0
81	81	0
134	134	0
63	119	0
13	169	0
63	119	0
182	182	0
133	133	0
182	182	0
180	180	0
182	182	0
152	152	0
171	171	0
155	155	0
176	176	0
178	178	0
32	150	0
174	174	0
174	174	0
12	170	0
76	106	0
180	180	0
146	146	0
43	139	0
182	182	0
67	115	0
137	137	0
181	181	0
89	89	0
179	179	0
9	173	0
180	180	0
182	182	0
179	179	0
161	161	0
181	181	0
102	102	0
122	122	0
180	180	0
181	181	0
165	165	0
150	150	0
174	174	0
173	173	0
158	158	0
175	175	0
164	164	0
65	117	0
178	178	0
175	175	0
182	182	0
61	121	0
181	181	0
178	178	0
182	182	0
182	182	0
179	179	0
176	176	0
172	172	0
182	182	0
175	175	0
122	122	0
183	183	0
177	177	0
174	174	0
180	180	0
176	176	0
26	156	0
3	179	0
172	172	0
165	165	0
170	170	0
183	183	0
181	181	0
180	180	0
174	174	0
120	120	0
180	180	0
159	159	0
42	140	0
119	119	0
169	169	0
180	180	0
182	182	0
182	182	0
182	182	0
180	180	0
175	175	0
85	97	0
178	178	0
176	176	0
182	182	0
182	182	0
171	171	0
182	182	0
174	174	0
162	162	0
182	182	0
53	129	0
179	179	0
182	182	0
179	179	0
171	171	0
170	170	0
177	177	0
40	142	0
182	182	0
182	182	0
182	182	0
181	181	0
173	173	0
182	182	0
179	179	0
182	182	0
162	162	0
182	182	0
182	182	0
49	133	0
182	182	0
179	179	0
182	182	0
177	177	0
98	98	0
181	181	0
161	161	0
161	161	0
149	149	0
171	171	0
181	181	0
30	152	0
174	174	0
72	110	0
119	119	0
16	166	0
121	121	0
132	132	0
165	165	0
180	180	0
175	175	0
182	182	0
42	42	0
170	170	0
181	181	0
43	139	0
180	180	0
182	182	0
158	158	0
156	156	0
182	182	0
182	182	0
180	180	0
45	137	0
178	178	0
178	178	0
60	60	0
170	170	0
181	181	0
64	118	0
181	181	0
179	179	0
159	159	0
175	175	0
179	179	0
11	171	0
180	180	0
75	107	0
182	182	0
174	174	0
181	181	0
72	110	0
181	181	0
180	180	0
174	174	0
154	154	0
181	181	0
139	139	0
174	174	0
129	129	0
175	175	0
169	169	0
152	152	0
182	182	0
10	172	0
178	178	0
168	168	0
177	177	0
170	170	0
181	181	0
181	181	0
182	182	0
136	136	0
182	182	0
182	182	0
148	148	0
149	149	0
134	134	0
175	175	0
149	149	0
131	131	0
154	154	0
34	148	0
182	182	0
180	180	0
96	96	0
182	182	0
180	180	0
178	178	0
161	161	0
152	152	0
181	181	0
154	154	0
163	163	0
161	161	0
155	155	0
181	181	0
181	181	0
181	181	0
180	180	0
30	152	0
169	169	0
172	172	0
182	182	0
175	175	0
181	181	0
182	182	0
101	101	0
94	94	0
125	125	0
182	182	0
178	178	0
178	178	0
73	109	0
60	60	0
181	181	0
173	173	0
180	180	0
162	162	0
181	181	0
27	155	0
170	170	0
180	180	0
152	152	0
175	175	0
181	181	0
180	180	0
182	182	0
178	178	0
182	182	0
156	156	0
182	182	0
179	179	0
79	79	0
89	89	0
181	181	0
180	180	0
158	158	0
175	175	0
182	182	0
182	182	0
181	181	0
174	174	0
149	149	0
153	153	0
172	172	0
180	180	0
173	173	0
181	181	0
182	182	0
180	180	0
179	179	0
169	169	0
172	172	0
179	179	0
182	182	0
175	175	0
169	169	0
174	174	0
6	176	0
182	182	0
181	181	0
86	96	0
168	168	0
173	173	0
170	170	0
176	176	0
137	137	0
182	182	0
162	162	0
174	174	0
182	182	0
173	173	0
176	176	0
172	172	0
176	176	0
49	49	0
182	182	0
172	172	0
161	161	0
178	178	0
180	180	0
21	161	0
182	182	0
77	77	0
178	178	0
158	158	0
179	179	0
174	174	0
182	182	0
15	167	0
170	170	0
3	179	0
181	181	0
23	159	0
169	169	0
44	138	0
180	180	0
179	179	0
137	137	0
142	142	0
182	182	0
159	159	0
182	182	0
166	166	0
52	52	0
174	174	0
70	112	0
176	176	0
66	116	0
179	179	0
182	182	0
39	143	0
174	174	0
152	152	0
49	133	0
131	131	0
150	150	0
182	182	0
173	173	0
157	157	0
135	135	0
171	171	0
182	182	0
172	172	0
182	182	0
182	182	0
182	182	0
85	85	0
183	183	0
181	181	0
180	180	0
182	182	0
42	140	0
136	136	0
151	151	0
176	176	0
80	102	0
182	182	0
181	181	0
182	182	0
182	182	0
183	183	0
172	172	0
183	183	0
179	179	0
181	181	0
182	182	0
172	172	0
21	161	0
34	148	0
170	170	0
125	125	0
163	163	0
180	180	0
174	174	0
182	182	0
181	181	0
99	99	0
165	165	0
151	151	0
181	181	0
182	182	0
182	182	0
171	171	0
172	172	0
181	181	0
109	109	0
181	181	0
179	179	0
54	128	0
182	182	0
178	178	0
179	179	0
182	182	0
175	175	0
172	172	0
158	158	0
181	181	0
165	165	0
182	182	0
169	169	0
67	115	0
182	182	0
182	182	0
16	166	0
173	173	0
113	113	0
171	171	0
164	164	0
170	170	0
177	177	0
176	176	0
182	182	0
32	32	0
154	154	0
180	180	0
19	163	0
151	151	0
72	110	0
179	179	0
181	181	0
179	179	0
171	171	0
182	182	0
179	179	0
161	161	0
182	182	0
178	178	0
162	162	0
182	182	0
180	180	0
178	178	0
42	140	0
168	168	0
167	167	0
180	180	0
181	181	0
142	142	0
63	119	0
180	180	0
102	102	0
